0.285714 0 0.0100781
0.285714 0.047619 0.0191484
0.285714 0.0952381 0.0272109
0.285714 0.142857 0.0342656
0.285714 0.190476 0.0403124
0.285714 0.238095 0.0453515
0.285714 0.285714 0.0493827
0.285714 0.333333 0.0524062
0.285714 0.380952 0.0544218
0.285714 0.428571 0.0554296
0.285714 0.47619 0.0554296
0.285714 0.52381 0.0544218
0.285714 0.571429 0.0524062
0.285714 0.619048 0.0493827
0.285714 0.666667 0.0453515
0.285714 0.714286 0.0403124
0.285714 0.761905 0.0342656
0.285714 0.809524 0.0272109
0.285714 0.857143 0.0191484
0.285714 0.904762 0.0100781
0.333333 0 0.0106951
0.333333 0.047619 0.0203208
0.333333 0.0952381 0.0288769
0.333333 0.142857 0.0363635
0.333333 0.190476 0.0427805
0.333333 0.238095 0.0481281
0.333333 0.285714 0.0524062
0.333333 0.333333 0.0556147
0.333333 0.380952 0.0577537
0.333333 0.428571 0.0588232
0.333333 0.47619 0.0588232
0.333333 0.52381 0.0577537
0.333333 0.571429 0.0556147
0.333333 0.619048 0.0524062
0.333333 0.666667 0.0481281
0.333333 0.714286 0.0427805
0.333333 0.761905 0.0363635
0.333333 0.809524 0.0288769
0.333333 0.857143 0.0203208
0.333333 0.904762 0.0106951
0.380952 0 0.0111065
0.380952 0.047619 0.0211023
0.380952 0.0952381 0.0299875
0.380952 0.142857 0.0377621
0.380952 0.190476 0.0444259
0.380952 0.238095 0.0499792
0.380952 0.285714 0.0544218
0.380952 0.333333 0.0577537
0.380952 0.380952 0.059975
0.380952 0.428571 0.0610857
0.380952 0.47619 0.0610857
0.380952 0.52381 0.059975
0.380952 0.571429 0.0577537
0.380952 0.619048 0.0544218
0.380952 0.666667 0.0499792
0.380952 0.714286 0.0444259
0.380952 0.761905 0.0377621
0.380952 0.809524 0.0299875
0.380952 0.857143 0.0211023
0.380952 0.904762 0.0111065
0.428571 0 0.0113122
0.428571 0.047619 0.0214931
0.428571 0.0952381 0.0305428
0.428571 0.142857 0.0384613
0.428571 0.190476 0.0452486
0.428571 0.238095 0.0509047
0.428571 0.285714 0.0554296
0.428571 0.333333 0.0588232
0.428571 0.380952 0.0610857
0.428571 0.428571 0.0622169
0.428571 0.47619 0.0622169
0.428571 0.52381 0.0610857
0.428571 0.571429 0.0588232
0.428571 0.619048 0.0554296
0.428571 0.666667 0.0509047
0.428571 0.714286 0.0452486
0.428571 0.761905 0.0384613
0.428571 0.809524 0.0305428
0.428571 0.857143 0.0214931
0.428571 0.904762 0.0113122
0.47619 0 0.0113122
0.47619 0.047619 0.0214931
0.47619 0.0952381 0.0305428
0.47619 0.142857 0.0384613
0.47619 0.190476 0.0452486
0.47619 0.238095 0.0509047
0.47619 0.285714 0.0554296
0.47619 0.333333 0.0588232
0.47619 0.380952 0.0610857
0.47619 0.428571 0.0622169
0.47619 0.47619 0.0622169
0.47619 0.52381 0.0610857
0.47619 0.571429 0.0588232
0.47619 0.619048 0.0554296
0.47619 0.666667 0.0509047
0.47619 0.714286 0.0452486
0.47619 0.761905 0.0384613
0.47619 0.809524 0.0305428
0.47619 0.857143 0.0214931
0.47619 0.904762 0.0113122
0.52381 0 0.0111065
0.52381 0.047619 0.0211023
0.52381 0.0952381 0.0299875
0.52381 0.142857 0.0377621
0.52381 0.190476 0.0444259
0.52381 0.238095 0.0499792
0.52381 0.285714 0.0544218
0.52381 0.333333 0.0577537
0.52381 0.380952 0.059975
0.52381 0.428571 0.0610857
0.52381 0.47619 0.0610857
0.52381 0.52381 0.059975
0.52381 0.571429 0.0577537
0.52381 0.619048 0.0544218
0.52381 0.666667 0.0499792
0.52381 0.714286 0.0444259
0.52381 0.761905 0.0377621
0.52381 0.809524 0.0299875
0.52381 0.857143 0.0211023
0.52381 0.904762 0.0111065
0.571429 0 0.0106951
0.571429 0.047619 0.0203208
0.571429 0.0952381 0.0288769
0.571429 0.142857 0.0363635
0.571429 0.190476 0.0427805
0.571429 0.238095 0.0481281
0.571429 0.285714 0.0524062
0.571429 0.333333 0.0556147
0.571429 0.380952 0.0577537
0.571429 0.428571 0.0588232
0.571429 0.47619 0.0588232
0.571429 0.52381 0.0577537
0.571429 0.571429 0.0556147
0.571429 0.619048 0.0524062
0.571429 0.666667 0.0481281
0.571429 0.714286 0.0427805
0.571429 0.761905 0.0363635
0.571429 0.809524 0.0288769
0.571429 0.857143 0.0203208
0.571429 0.904762 0.0106951
0.619048 0 0.0100781
0.619048 0.047619 0.0191484
0.619048 0.0952381 0.0272109
0.619048 0.142857 0.0342656
0.619048 0.190476 0.0403124
0.619048 0.238095 0.0453515
0.619048 0.285714 0.0493827
0.619048 0.333333 0.0524062
0.619048 0.380952 0.0544218
0.619048 0.428571 0.0554296
0.619048 0.47619 0.0554296
0.619048 0.52381 0.0544218
0.619048 0.571429 0.0524062
0.619048 0.619048 0.0493827
0.619048 0.666667 0.0453515
0.619048 0.714286 0.0403124
0.619048 0.761905 0.0342656
0.619048 0.809524 0.0272109
0.619048 0.857143 0.0191484
0.619048 0.904762 0.0100781
0.666667 0 0.0092554
0.666667 0.047619 0.0175853
0.666667 0.0952381 0.0249896
0.666667 0.142857 0.0314684
0.666667 0.190476 0.0370216
0.666667 0.238095 0.0416493
0.666667 0.285714 0.0453515
0.666667 0.333333 0.0481281
0.666667 0.380952 0.0499792
0.666667 0.428571 0.0509047
0.666667 0.47619 0.0509047
0.666667 0.52381 0.0499792
0.666667 0.571429 0.0481281
0.666667 0.619048 0.0453515
0.666667 0.666667 0.0416493
0.666667 0.714286 0.0370216
0.666667 0.761905 0.0314684
0.666667 0.809524 0.0249896
0.666667 0.857143 0.0175853
0.666667 0.904762 0.0092554
0.714286 0 0.00822703
0.714286 0.047619 0.0156314
0.714286 0.0952381 0.022213
0.714286 0.142857 0.0279719
0.714286 0.190476 0.0329081
0.714286 0.238095 0.0370216
0.714286 0.285714 0.0403124
0.714286 0.333333 0.0427805
0.714286 0.380952 0.0444259
0.714286 0.428571 0.0452486
0.714286 0.47619 0.0452486
0.714286 0.52381 0.0444259
0.714286 0.571429 0.0427805
0.714286 0.619048 0.0403124
0.714286 0.666667 0.0370216
0.714286 0.714286 0.0329081
0.714286 0.761905 0.0279719
0.714286 0.809524 0.022213
0.714286 0.857143 0.0156314
0.714286 0.904762 0.00822703
0.761905 0 0.00699297
0.761905 0.047619 0.0132866
0.761905 0.0952381 0.018881
0.761905 0.142857 0.0237761
0.761905 0.190476 0.0279719
0.761905 0.238095 0.0314684
0.761905 0.285714 0.0342656
0.761905 0.333333 0.0363635
0.761905 0.380952 0.0377621
0.761905 0.428571 0.0384613
0.761905 0.47619 0.0384613
0.761905 0.52381 0.0377621
0.761905 0.571429 0.0363635
0.761905 0.619048 0.0342656
0.761905 0.666667 0.0314684
0.761905 0.714286 0.0279719
0.761905 0.761905 0.0237761
0.761905 0.809524 0.018881
0.761905 0.857143 0.0132866
0.761905 0.904762 0.00699297
0.809524 0 0.00555324
0.809524 0.047619 0.0105512
0.809524 0.0952381 0.0149938
0.809524 0.142857 0.018881
0.809524 0.190476 0.022213
0.809524 0.238095 0.0249896
0.809524 0.285714 0.0272109
0.809524 0.333333 0.0288769
0.809524 0.380952 0.0299875
0.809524 0.428571 0.0305428
0.809524 0.47619 0.0305428
0.809524 0.52381 0.0299875
0.809524 0.571429 0.0288769
0.809524 0.619048 0.0272109
0.809524 0.666667 0.0249896
0.809524 0.714286 0.022213
0.809524 0.761905 0.018881
0.809524 0.809524 0.0149938
0.809524 0.857143 0.0105512
0.809524 0.904762 0.00555324
0.857143 0 0.00390784
0.857143 0.047619 0.00742489
0.857143 0.0952381 0.0105512
0.857143 0.142857 0.0132866
0.857143 0.190476 0.0156314
0.857143 0.238095 0.0175853
0.857143 0.285714 0.0191484
0.857143 0.333333 0.0203208
0.857143 0.380952 0.0211023
0.857143 0.428571 0.0214931
0.857143 0.47619 0.0214931
0.857143 0.52381 0.0211023
0.857143 0.571429 0.0203208
0.857143 0.619048 0.0191484
0.857143 0.666667 0.0175853
0.857143 0.714286 0.0156314
0.857143 0.761905 0.0132866
0.857143 0.809524 0.0105512
0.857143 0.857143 0.00742489
0.857143 0.904762 0.00390784
0.904762 0 0.00205676
0.904762 0.047619 0.00390784
0.904762 0.0952381 0.00555324
0.904762 0.142857 0.00699297
0.904762 0.190476 0.00822703
0.904762 0.238095 0.0092554
0.904762 0.285714 0.0100781
0.904762 0.333333 0.0106951
0.904762 0.380952 0.0111065
0.904762 0.428571 0.0113122
0.904762 0.47619 0.0113122
0.904762 0.52381 0.0111065
0.904762 0.571429 0.0106951
0.904762 0.619048 0.0100781
0.904762 0.666667 0.0092554
0.904762 0.714286 0.00822703
0.904762 0.761905 0.00699297
0.904762 0.809524 0.00555324
0.904762 0.857143 0.00390784
0.904762 0.904762 0.00205676
