0 0 0.00205676
0 0.047619 0.00390784
0 0.0952381 0.00555324
0 0.142857 0.00699297
0 0.190476 0.00822703
0 0.238095 0.00925541
0 0.285714 0.0100781
0 0.333333 0.0106951
0 0.380952 0.0111065
0 0.428571 0.0113122
0 0.47619 0.0113122
0 0.52381 0.0111065
0 0.571429 0.0106951
0 0.619048 0.0100781
0 0.666667 0.00925541
0 0.714286 0.00822703
0 0.761905 0.00699297
0 0.809524 0.00555324
0 0.857143 0.00390784
0 0.904762 0.00205676
0.047619 0 0.00390784
0.047619 0.047619 0.00742489
0.047619 0.0952381 0.0105512
0.047619 0.142857 0.0132866
0.047619 0.190476 0.0156314
0.047619 0.238095 0.0175853
0.047619 0.285714 0.0191484
0.047619 0.333333 0.0203208
0.047619 0.380952 0.0211023
0.047619 0.428571 0.0214931
0.047619 0.47619 0.0214931
0.047619 0.52381 0.0211023
0.047619 0.571429 0.0203208
0.047619 0.619048 0.0191484
0.047619 0.666667 0.0175853
0.047619 0.714286 0.0156314
0.047619 0.761905 0.0132866
0.047619 0.809524 0.0105512
0.047619 0.857143 0.00742489
0.047619 0.904762 0.00390784
0.0952381 0 0.00555324
0.0952381 0.047619 0.0105512
0.0952381 0.0952381 0.0149938
0.0952381 0.142857 0.018881
0.0952381 0.190476 0.022213
0.0952381 0.238095 0.0249896
0.0952381 0.285714 0.0272109
0.0952381 0.333333 0.0288769
0.0952381 0.380952 0.0299875
0.0952381 0.428571 0.0305428
0.0952381 0.47619 0.0305428
0.0952381 0.52381 0.0299875
0.0952381 0.571429 0.0288769
0.0952381 0.619048 0.0272109
0.0952381 0.666667 0.0249896
0.0952381 0.714286 0.022213
0.0952381 0.761905 0.018881
0.0952381 0.809524 0.0149938
0.0952381 0.857143 0.0105512
0.0952381 0.904762 0.00555324
0.142857 0 0.00699297
0.142857 0.047619 0.0132866
0.142857 0.0952381 0.018881
0.142857 0.142857 0.0237761
0.142857 0.190476 0.0279719
0.142857 0.238095 0.0314684
0.142857 0.285714 0.0342656
0.142857 0.333333 0.0363635
0.142857 0.380952 0.0377621
0.142857 0.428571 0.0384614
0.142857 0.47619 0.0384614
0.142857 0.52381 0.0377621
0.142857 0.571429 0.0363635
0.142857 0.619048 0.0342656
0.142857 0.666667 0.0314684
0.142857 0.714286 0.0279719
0.142857 0.761905 0.0237761
0.142857 0.809524 0.018881
0.142857 0.857143 0.0132866
0.142857 0.904762 0.00699297
0.190476 0 0.00822703
0.190476 0.047619 0.0156314
0.190476 0.0952381 0.022213
0.190476 0.142857 0.0279719
0.190476 0.190476 0.0329081
0.190476 0.238095 0.0370216
0.190476 0.285714 0.0403124
0.190476 0.333333 0.0427805
0.190476 0.380952 0.0444259
0.190476 0.428571 0.0452487
0.190476 0.47619 0.0452487
0.190476 0.52381 0.0444259
0.190476 0.571429 0.0427805
0.190476 0.619048 0.0403124
0.190476 0.666667 0.0370216
0.190476 0.714286 0.0329081
0.190476 0.761905 0.0279719
0.190476 0.809524 0.022213
0.190476 0.857143 0.0156314
0.190476 0.904762 0.00822703
0.238095 0 0.00925541
0.238095 0.047619 0.0175853
0.238095 0.0952381 0.0249896
0.238095 0.142857 0.0314684
0.238095 0.190476 0.0370216
0.238095 0.238095 0.0416493
0.238095 0.285714 0.0453515
0.238095 0.333333 0.0481281
0.238095 0.380952 0.0499792
0.238095 0.428571 0.0509047
0.238095 0.47619 0.0509047
0.238095 0.52381 0.0499792
0.238095 0.571429 0.0481281
0.238095 0.619048 0.0453515
0.238095 0.666667 0.0416493
0.238095 0.714286 0.0370216
0.238095 0.761905 0.0314684
0.238095 0.809524 0.0249896
0.238095 0.857143 0.0175853
0.238095 0.904762 0.00925541
0.285714 0 0.0100781
0.285714 0.047619 0.0191484
0.285714 0.0952381 0.0272109
0.285714 0.142857 0.0342656
0.285714 0.190476 0.0403124
0.285714 0.238095 0.0453515
0.285714 0.285714 0.0493827
0.285714 0.333333 0.0524062
0.285714 0.380952 0.0544218
0.285714 0.428571 0.0554296
0.285714 0.47619 0.0554296
0.285714 0.52381 0.0544218
0.285714 0.571429 0.0524062
0.285714 0.619048 0.0493827
0.285714 0.666667 0.0453515
0.285714 0.714286 0.0403124
0.285714 0.761905 0.0342656
0.285714 0.809524 0.0272109
0.285714 0.857143 0.0191484
0.285714 0.904762 0.0100781
0.333333 0 0.0106951
0.333333 0.047619 0.0203208
0.333333 0.0952381 0.0288769
0.333333 0.142857 0.0363635
0.333333 0.190476 0.0427805
0.333333 0.238095 0.0481281
0.333333 0.285714 0.0524062
0.333333 0.333333 0.0556147
0.333333 0.380952 0.0577537
0.333333 0.428571 0.0588232
0.333333 0.47619 0.0588232
0.333333 0.52381 0.0577537
0.333333 0.571429 0.0556147
0.333333 0.619048 0.0524062
0.333333 0.666667 0.0481281
0.333333 0.714286 0.0427805
0.333333 0.761905 0.0363635
0.333333 0.809524 0.0288769
0.333333 0.857143 0.0203208
0.333333 0.904762 0.0106951
0.380952 0 0.0111065
0.380952 0.047619 0.0211023
0.380952 0.0952381 0.0299875
0.380952 0.142857 0.0377621
0.380952 0.190476 0.0444259
0.380952 0.238095 0.0499792
0.380952 0.285714 0.0544218
0.380952 0.333333 0.0577537
0.380952 0.380952 0.059975
0.380952 0.428571 0.0610857
0.380952 0.47619 0.0610857
0.380952 0.52381 0.059975
0.380952 0.571429 0.0577537
0.380952 0.619048 0.0544218
0.380952 0.666667 0.0499792
0.380952 0.714286 0.0444259
0.380952 0.761905 0.0377621
0.380952 0.809524 0.0299875
0.380952 0.857143 0.0211023
0.380952 0.904762 0.0111065
0.428571 0 0.0113122
0.428571 0.047619 0.0214931
0.428571 0.0952381 0.0305428
0.428571 0.142857 0.0384614
0.428571 0.190476 0.0452487
0.428571 0.238095 0.0509047
0.428571 0.285714 0.0554296
0.428571 0.333333 0.0588232
0.428571 0.380952 0.0610857
0.428571 0.428571 0.0622169
0.428571 0.47619 0.0622169
0.428571 0.52381 0.0610857
0.428571 0.571429 0.0588232
0.428571 0.619048 0.0554296
0.428571 0.666667 0.0509047
0.428571 0.714286 0.0452487
0.428571 0.761905 0.0384614
0.428571 0.809524 0.0305428
0.428571 0.857143 0.0214931
0.428571 0.904762 0.0113122
