0 0 0.000362865
0 0.0196078 0.000710976
0 0.0392157 0.00104436
0 0.0588235 0.00136304
0 0.0784314 0.00166705
0 0.0980392 0.0019564
0 0.117647 0.00223113
0 0.137255 0.00249125
0 0.156863 0.0027368
0 0.176471 0.00296778
0 0.196078 0.00318422
0 0.215686 0.00338615
0 0.235294 0.00357357
0 0.254902 0.00374651
0 0.27451 0.00390498
0 0.294118 0.004049
0 0.313725 0.00417857
0 0.333333 0.00429372
0 0.352941 0.00439445
0 0.372549 0.00448077
0 0.392157 0.0045527
0 0.411765 0.00461023
0 0.431373 0.00465337
0 0.45098 0.00468213
0 0.470588 0.00469651
0 0.490196 0.00469651
0 0.509804 0.00468213
0 0.529412 0.00465337
0 0.54902 0.00461023
0 0.568627 0.0045527
0 0.588235 0.00448077
0 0.607843 0.00439445
0 0.627451 0.00429372
0 0.647059 0.00417857
0 0.666667 0.004049
0 0.686275 0.00390498
0 0.705882 0.00374651
0 0.72549 0.00357357
0 0.745098 0.00338615
0 0.764706 0.00318422
0 0.784314 0.00296778
0 0.803922 0.0027368
0 0.823529 0.00249125
0 0.843137 0.00223113
0 0.862745 0.0019564
0 0.882353 0.00166705
0 0.901961 0.00136304
0 0.921569 0.00104436
0 0.941176 0.000710976
0 0.960784 0.000362865
0.0196078 0 0.000710922
0.0196078 0.0196078 0.00139293
0.0196078 0.0392157 0.00204607
0.0196078 0.0588235 0.0026704
0.0196078 0.0784314 0.00326596
0.0196078 0.0980392 0.00383282
0.0196078 0.117647 0.00437102
0.0196078 0.137255 0.00488061
0.0196078 0.156863 0.00536162
0.0196078 0.176471 0.00581411
0.0196078 0.196078 0.00623811
0.0196078 0.215686 0.00663366
0.0196078 0.235294 0.00700081
0.0196078 0.254902 0.00733958
0.0196078 0.27451 0.00765
0.0196078 0.294118 0.0079321
0.0196078 0.313725 0.00818592
0.0196078 0.333333 0.00841148
0.0196078 0.352941 0.00860879
0.0196078 0.372549 0.00877787
0.0196078 0.392157 0.00891876
0.0196078 0.411765 0.00903144
0.0196078 0.431373 0.00911595
0.0196078 0.45098 0.00917228
0.0196078 0.470588 0.00920045
0.0196078 0.490196 0.00920045
0.0196078 0.509804 0.00917228
0.0196078 0.529412 0.00911595
0.0196078 0.54902 0.00903144
0.0196078 0.568627 0.00891876
0.0196078 0.588235 0.00877787
0.0196078 0.607843 0.00860879
0.0196078 0.627451 0.00841148
0.0196078 0.647059 0.00818592
0.0196078 0.666667 0.0079321
0.0196078 0.686275 0.00765
0.0196078 0.705882 0.00733958
0.0196078 0.72549 0.00700081
0.0196078 0.745098 0.00663366
0.0196078 0.764706 0.00623811
0.0196078 0.784314 0.00581411
0.0196078 0.803922 0.00536162
0.0196078 0.823529 0.00488061
0.0196078 0.843137 0.00437102
0.0196078 0.862745 0.00383282
0.0196078 0.882353 0.00326596
0.0196078 0.901961 0.0026704
0.0196078 0.921569 0.00204607
0.0196078 0.941176 0.00139293
0.0196078 0.960784 0.000710922
0.0392157 0 0.00104414
0.0392157 0.0196078 0.0020458
0.0392157 0.0392157 0.00300504
0.0392157 0.0588235 0.00392196
0.0392157 0.0784314 0.00479663
0.0392157 0.0980392 0.00562912
0.0392157 0.117647 0.00641951
0.0392157 0.137255 0.00716786
0.0392157 0.156863 0.00787425
0.0392157 0.176471 0.00853874
0.0392157 0.196078 0.00916139
0.0392157 0.215686 0.00974226
0.0392157 0.235294 0.0102814
0.0392157 0.254902 0.0107789
0.0392157 0.27451 0.0112347
0.0392157 0.294118 0.011649
0.0392157 0.313725 0.0120217
0.0392157 0.333333 0.0123529
0.0392157 0.352941 0.0126426
0.0392157 0.372549 0.0128909
0.0392157 0.392157 0.0130978
0.0392157 0.411765 0.0132633
0.0392157 0.431373 0.0133873
0.0392157 0.45098 0.0134701
0.0392157 0.470588 0.0135114
0.0392157 0.490196 0.0135114
0.0392157 0.509804 0.0134701
0.0392157 0.529412 0.0133873
0.0392157 0.54902 0.0132633
0.0392157 0.568627 0.0130978
0.0392157 0.588235 0.0128909
0.0392157 0.607843 0.0126426
0.0392157 0.627451 0.0123529
0.0392157 0.647059 0.0120217
0.0392157 0.666667 0.011649
0.0392157 0.686275 0.0112347
0.0392157 0.705882 0.0107789
0.0392157 0.72549 0.0102814
0.0392157 0.745098 0.00974226
0.0392157 0.764706 0.00916139
0.0392157 0.784314 0.00853874
0.0392157 0.803922 0.00787425
0.0392157 0.823529 0.00716786
0.0392157 0.843137 0.00641951
0.0392157 0.862745 0.00562912
0.0392157 0.882353 0.00479663
0.0392157 0.901961 0.00392196
0.0392157 0.921569 0.00300504
0.0392157 0.941176 0.0020458
0.0392157 0.960784 0.00104414
0.0588235 0 0.0013625
0.0588235 0.0196078 0.00266953
0.0588235 0.0392157 0.00392121
0.0588235 0.0588235 0.00511763
0.0588235 0.0784314 0.0062589
0.0588235 0.0980392 0.00734512
0.0588235 0.117647 0.0083764
0.0588235 0.137255 0.00935281
0.0588235 0.156863 0.0102745
0.0588235 0.176471 0.0111414
0.0588235 0.196078 0.0119538
0.0588235 0.215686 0.0127117
0.0588235 0.235294 0.0134151
0.0588235 0.254902 0.0140641
0.0588235 0.27451 0.0146588
0.0588235 0.294118 0.0151993
0.0588235 0.313725 0.0156855
0.0588235 0.333333 0.0161176
0.0588235 0.352941 0.0164956
0.0588235 0.372549 0.0168195
0.0588235 0.392157 0.0170894
0.0588235 0.411765 0.0173053
0.0588235 0.431373 0.0174672
0.0588235 0.45098 0.0175751
0.0588235 0.470588 0.017629
0.0588235 0.490196 0.017629
0.0588235 0.509804 0.0175751
0.0588235 0.529412 0.0174672
0.0588235 0.54902 0.0173053
0.0588235 0.568627 0.0170894
0.0588235 0.588235 0.0168195
0.0588235 0.607843 0.0164956
0.0588235 0.627451 0.0161176
0.0588235 0.647059 0.0156855
0.0588235 0.666667 0.0151993
0.0588235 0.686275 0.0146588
0.0588235 0.705882 0.0140641
0.0588235 0.72549 0.0134151
0.0588235 0.745098 0.0127117
0.0588235 0.764706 0.0119538
0.0588235 0.784314 0.0111414
0.0588235 0.803922 0.0102745
0.0588235 0.823529 0.00935281
0.0588235 0.843137 0.0083764
0.0588235 0.862745 0.00734512
0.0588235 0.882353 0.0062589
0.0588235 0.901961 0.00511763
0.0588235 0.921569 0.00392121
0.0588235 0.941176 0.00266953
0.0588235 0.960784 0.0013625
0.0784314 0 0.00166597
0.0784314 0.0196078 0.00326408
0.0784314 0.0392157 0.00479448
0.0784314 0.0588235 0.00625729
0.0784314 0.0784314 0.00765264
0.0784314 0.0980392 0.00898068
0.0784314 0.117647 0.0102415
0.0784314 0.137255 0.0114353
0.0784314 0.156863 0.012562
0.0784314 0.176471 0.0136219
0.0784314 0.196078 0.0146151
0.0784314 0.215686 0.0155416
0.0784314 0.235294 0.0164015
0.0784314 0.254902 0.0171949
0.0784314 0.27451 0.0179219
0.0784314 0.294118 0.0185826
0.0784314 0.313725 0.019177
0.0784314 0.333333 0.0197053
0.0784314 0.352941 0.0201673
0.0784314 0.372549 0.0205633
0.0784314 0.392157 0.0208932
0.0784314 0.411765 0.0211571
0.0784314 0.431373 0.021355
0.0784314 0.45098 0.0214869
0.0784314 0.470588 0.0215528
0.0784314 0.490196 0.0215528
0.0784314 0.509804 0.0214869
0.0784314 0.529412 0.021355
0.0784314 0.54902 0.0211571
0.0784314 0.568627 0.0208932
0.0784314 0.588235 0.0205633
0.0784314 0.607843 0.0201673
0.0784314 0.627451 0.0197053
0.0784314 0.647059 0.019177
0.0784314 0.666667 0.0185826
0.0784314 0.686275 0.0179219
0.0784314 0.705882 0.0171949
0.0784314 0.72549 0.0164015
0.0784314 0.745098 0.0155416
0.0784314 0.764706 0.0146151
0.0784314 0.784314 0.0136219
0.0784314 0.803922 0.012562
0.0784314 0.823529 0.0114353
0.0784314 0.843137 0.0102415
0.0784314 0.862745 0.00898068
0.0784314 0.882353 0.00765264
0.0784314 0.901961 0.00625729
0.0784314 0.921569 0.00479448
0.0784314 0.941176 0.00326408
0.0784314 0.960784 0.00166597
0.0980392 0 0.00195452
0.0980392 0.0196078 0.00382938
0.0980392 0.0392157 0.00562476
0.0980392 0.0588235 0.00734082
0.0980392 0.0784314 0.00897773
0.0980392 0.0980392 0.0105356
0.0980392 0.117647 0.0120147
0.0980392 0.137255 0.013415
0.0980392 0.156863 0.0147367
0.0980392 0.176471 0.01598
0.0980392 0.196078 0.017145
0.0980392 0.215686 0.0182317
0.0980392 0.235294 0.0192404
0.0980392 0.254902 0.020171
0.0980392 0.27451 0.0210238
0.0980392 0.294118 0.0217987
0.0980392 0.313725 0.0224959
0.0980392 0.333333 0.0231155
0.0980392 0.352941 0.0236574
0.0980392 0.372549 0.0241218
0.0980392 0.392157 0.0245088
0.0980392 0.411765 0.0248183
0.0980392 0.431373 0.0250504
0.0980392 0.45098 0.0252051
0.0980392 0.470588 0.0252825
0.0980392 0.490196 0.0252825
0.0980392 0.509804 0.0252051
0.0980392 0.529412 0.0250504
0.0980392 0.54902 0.0248183
0.0980392 0.568627 0.0245088
0.0980392 0.588235 0.0241218
0.0980392 0.607843 0.0236574
0.0980392 0.627451 0.0231155
0.0980392 0.647059 0.0224959
0.0980392 0.666667 0.0217987
0.0980392 0.686275 0.0210238
0.0980392 0.705882 0.020171
0.0980392 0.72549 0.0192404
0.0980392 0.745098 0.0182317
0.0980392 0.764706 0.017145
0.0980392 0.784314 0.01598
0.0980392 0.803922 0.0147367
0.0980392 0.823529 0.013415
0.0980392 0.843137 0.0120147
0.0980392 0.862745 0.0105356
0.0980392 0.882353 0.00897773
0.0980392 0.901961 0.00734082
0.0980392 0.921569 0.00562476
0.0980392 0.941176 0.00382938
0.0980392 0.960784 0.00195452
0.117647 0 0.00222811
0.117647 0.0196078 0.00436537
0.117647 0.0392157 0.00641198
0.117647 0.0588235 0.00836812
0.117647 0.0784314 0.010234
0.117647 0.0980392 0.0120098
0.117647 0.117647 0.0136956
0.117647 0.137255 0.0152918
0.117647 0.156863 0.0167983
0.117647 0.176471 0.0182154
0.117647 0.196078 0.0195432
0.117647 0.215686 0.0207818
0.117647 0.235294 0.0219314
0.117647 0.254902 0.022992
0.117647 0.27451 0.0239639
0.117647 0.294118 0.0248471
0.117647 0.313725 0.0256417
0.117647 0.333333 0.0263478
0.117647 0.352941 0.0269655
0.117647 0.372549 0.0274948
0.117647 0.392157 0.0279357
0.117647 0.411765 0.0282885
0.117647 0.431373 0.028553
0.117647 0.45098 0.0287293
0.117647 0.470588 0.0288175
0.117647 0.490196 0.0288175
0.117647 0.509804 0.0287293
0.117647 0.529412 0.028553
0.117647 0.54902 0.0282885
0.117647 0.568627 0.0279357
0.117647 0.588235 0.0274948
0.117647 0.607843 0.0269655
0.117647 0.627451 0.0263478
0.117647 0.647059 0.0256417
0.117647 0.666667 0.0248471
0.117647 0.686275 0.0239639
0.117647 0.705882 0.022992
0.117647 0.72549 0.0219314
0.117647 0.745098 0.0207818
0.117647 0.764706 0.0195432
0.117647 0.784314 0.0182154
0.117647 0.803922 0.0167983
0.117647 0.823529 0.0152918
0.117647 0.843137 0.0136956
0.117647 0.862745 0.0120098
0.117647 0.882353 0.010234
0.117647 0.901961 0.00836812
0.117647 0.921569 0.00641198
0.117647 0.941176 0.00436537
0.117647 0.960784 0.00222811
0.137255 0 0.00248672
0.137255 0.0196078 0.00487199
0.137255 0.0392157 0.00715602
0.137255 0.0588235 0.00933906
0.137255 0.0784314 0.0114213
0.137255 0.0980392 0.013403
0.137255 0.117647 0.0152843
0.137255 0.137255 0.0170654
0.137255 0.156863 0.0187465
0.137255 0.176471 0.0203278
0.137255 0.196078 0.0218094
0.137255 0.215686 0.0231915
0.137255 0.235294 0.0244742
0.137255 0.254902 0.0256577
0.137255 0.27451 0.0267421
0.137255 0.294118 0.0277275
0.137255 0.313725 0.0286141
0.137255 0.333333 0.0294019
0.137255 0.352941 0.0300911
0.137255 0.372549 0.0306816
0.137255 0.392157 0.0311736
0.137255 0.411765 0.0315672
0.137255 0.431373 0.0318623
0.137255 0.45098 0.032059
0.137255 0.470588 0.0321574
0.137255 0.490196 0.0321574
0.137255 0.509804 0.032059
0.137255 0.529412 0.0318623
0.137255 0.54902 0.0315672
0.137255 0.568627 0.0311736
0.137255 0.588235 0.0306816
0.137255 0.607843 0.0300911
0.137255 0.627451 0.0294019
0.137255 0.647059 0.0286141
0.137255 0.666667 0.0277275
0.137255 0.686275 0.0267421
0.137255 0.705882 0.0256577
0.137255 0.72549 0.0244742
0.137255 0.745098 0.0231915
0.137255 0.764706 0.0218094
0.137255 0.784314 0.0203278
0.137255 0.803922 0.0187465
0.137255 0.823529 0.0170654
0.137255 0.843137 0.0152843
0.137255 0.862745 0.013403
0.137255 0.882353 0.0114213
0.137255 0.901961 0.00933906
0.137255 0.921569 0.00715602
0.137255 0.941176 0.00487199
0.137255 0.960784 0.00248672
0.156863 0 0.00273032
0.156863 0.0196078 0.00534916
0.156863 0.0392157 0.0078568
0.156863 0.0588235 0.0102535
0.156863 0.0784314 0.0125395
0.156863 0.0980392 0.0147151
0.156863 0.117647 0.0167804
0.156863 0.137255 0.0187356
0.156863 0.156863 0.0205811
0.156863 0.176471 0.0223169
0.156863 0.196078 0.0239433
0.156863 0.215686 0.0254605
0.156863 0.235294 0.0268685
0.156863 0.254902 0.0281676
0.156863 0.27451 0.0293579
0.156863 0.294118 0.0304396
0.156863 0.313725 0.0314127
0.156863 0.333333 0.0322774
0.156863 0.352941 0.0330339
0.156863 0.372549 0.033682
0.156863 0.392157 0.0342221
0.156863 0.411765 0.034654
0.156863 0.431373 0.0349779
0.156863 0.45098 0.0351939
0.156863 0.470588 0.0353018
0.156863 0.490196 0.0353018
0.156863 0.509804 0.0351939
0.156863 0.529412 0.0349779
0.156863 0.54902 0.034654
0.156863 0.568627 0.0342221
0.156863 0.588235 0.033682
0.156863 0.607843 0.0330339
0.156863 0.627451 0.0322774
0.156863 0.647059 0.0314127
0.156863 0.666667 0.0304396
0.156863 0.686275 0.0293579
0.156863 0.705882 0.0281676
0.156863 0.72549 0.0268685
0.156863 0.745098 0.0254605
0.156863 0.764706 0.0239433
0.156863 0.784314 0.0223169
0.156863 0.803922 0.0205811
0.156863 0.823529 0.0187356
0.156863 0.843137 0.0167804
0.156863 0.862745 0.0147151
0.156863 0.882353 0.0125395
0.156863 0.901961 0.0102535
0.156863 0.921569 0.0078568
0.156863 0.941176 0.00534916
0.156863 0.960784 0.00273032
0.176471 0 0.00295885
0.176471 0.0196078 0.00579682
0.176471 0.0392157 0.00851421
0.176471 0.0588235 0.0111113
0.176471 0.0784314 0.0135884
0.176471 0.0980392 0.0159458
0.176471 0.117647 0.0181836
0.176471 0.137255 0.0203022
0.176471 0.156863 0.0223018
0.176471 0.176471 0.0241826
0.176471 0.196078 0.0259447
0.176471 0.215686 0.0275884
0.176471 0.235294 0.0291139
0.176471 0.254902 0.0305214
0.176471 0.27451 0.031811
0.176471 0.294118 0.0329828
0.176471 0.313725 0.0340371
0.176471 0.333333 0.0349739
0.176471 0.352941 0.0357934
0.176471 0.372549 0.0364956
0.176471 0.392157 0.0370806
0.176471 0.411765 0.0375485
0.176471 0.431373 0.0378994
0.176471 0.45098 0.0381334
0.176471 0.470588 0.0382503
0.176471 0.490196 0.0382503
0.176471 0.509804 0.0381334
0.176471 0.529412 0.0378994
0.176471 0.54902 0.0375485
0.176471 0.568627 0.0370806
0.176471 0.588235 0.0364956
0.176471 0.607843 0.0357934
0.176471 0.627451 0.0349739
0.176471 0.647059 0.0340371
0.176471 0.666667 0.0329828
0.176471 0.686275 0.031811
0.176471 0.705882 0.0305214
0.176471 0.72549 0.0291139
0.176471 0.745098 0.0275884
0.176471 0.764706 0.0259447
0.176471 0.784314 0.0241826
0.176471 0.803922 0.0223018
0.176471 0.823529 0.0203022
0.176471 0.843137 0.0181836
0.176471 0.862745 0.0159458
0.176471 0.882353 0.0135884
0.176471 0.901961 0.0111113
0.176471 0.921569 0.00851421
0.176471 0.941176 0.00579682
0.176471 0.960784 0.00295885
0.196078 0 0.00317228
0.196078 0.0196078 0.00621486
0.196078 0.0392157 0.00912812
0.196078 0.0588235 0.0119124
0.196078 0.0784314 0.0145679
0.196078 0.0980392 0.017095
0.196078 0.117647 0.0194939
0.196078 0.137255 0.021765
0.196078 0.156863 0.0239084
0.196078 0.176471 0.0259244
0.196078 0.196078 0.0278132
0.196078 0.215686 0.0295751
0.196078 0.235294 0.0312102
0.196078 0.254902 0.0327188
0.196078 0.27451 0.0341009
0.196078 0.294118 0.0353569
0.196078 0.313725 0.0364869
0.196078 0.333333 0.0374909
0.196078 0.352941 0.0383692
0.196078 0.372549 0.0391218
0.196078 0.392157 0.0397488
0.196078 0.411765 0.0402503
0.196078 0.431373 0.0406263
0.196078 0.45098 0.040877
0.196078 0.470588 0.0410024
0.196078 0.490196 0.0410024
0.196078 0.509804 0.040877
0.196078 0.529412 0.0406263
0.196078 0.54902 0.0402503
0.196078 0.568627 0.0397488
0.196078 0.588235 0.0391218
0.196078 0.607843 0.0383692
0.196078 0.627451 0.0374909
0.196078 0.647059 0.0364869
0.196078 0.666667 0.0353569
0.196078 0.686275 0.0341009
0.196078 0.705882 0.0327188
0.196078 0.72549 0.0312102
0.196078 0.745098 0.0295751
0.196078 0.764706 0.0278132
0.196078 0.784314 0.0259244
0.196078 0.803922 0.0239084
0.196078 0.823529 0.021765
0.196078 0.843137 0.0194939
0.196078 0.862745 0.017095
0.196078 0.882353 0.0145679
0.196078 0.901961 0.0119124
0.196078 0.921569 0.00912812
0.196078 0.941176 0.00621486
0.196078 0.960784 0.00317228
0.215686 0 0.00337053
0.215686 0.0196078 0.00660319
0.215686 0.0392157 0.00969838
0.215686 0.0588235 0.0126564
0.215686 0.0784314 0.0154777
0.215686 0.0980392 0.0181625
0.215686 0.117647 0.020711
0.215686 0.137255 0.0231236
0.215686 0.156863 0.0254006
0.215686 0.176471 0.0275421
0.215686 0.196078 0.0295485
0.215686 0.215686 0.03142
0.215686 0.235294 0.0331569
0.215686 0.254902 0.0347593
0.215686 0.27451 0.0362274
0.215686 0.294118 0.0375614
0.215686 0.313725 0.0387616
0.215686 0.333333 0.039828
0.215686 0.352941 0.0407608
0.215686 0.372549 0.0415602
0.215686 0.392157 0.0422261
0.215686 0.411765 0.0427587
0.215686 0.431373 0.0431582
0.215686 0.45098 0.0434244
0.215686 0.470588 0.0435575
0.215686 0.490196 0.0435575
0.215686 0.509804 0.0434244
0.215686 0.529412 0.0431582
0.215686 0.54902 0.0427587
0.215686 0.568627 0.0422261
0.215686 0.588235 0.0415602
0.215686 0.607843 0.0407608
0.215686 0.627451 0.039828
0.215686 0.647059 0.0387616
0.215686 0.666667 0.0375614
0.215686 0.686275 0.0362274
0.215686 0.705882 0.0347593
0.215686 0.72549 0.0331569
0.215686 0.745098 0.03142
0.215686 0.764706 0.0295485
0.215686 0.784314 0.0275421
0.215686 0.803922 0.0254006
0.215686 0.823529 0.0231236
0.215686 0.843137 0.020711
0.215686 0.862745 0.0181625
0.215686 0.882353 0.0154777
0.215686 0.901961 0.0126564
0.215686 0.921569 0.00969838
0.215686 0.941176 0.00660319
0.215686 0.960784 0.00337053
0.235294 0 0.00355352
0.235294 0.0196078 0.00696167
0.235294 0.0392157 0.0102249
0.235294 0.0588235 0.0133434
0.235294 0.0784314 0.0163177
0.235294 0.0980392 0.019148
0.235294 0.117647 0.0218346
0.235294 0.137255 0.0243778
0.235294 0.156863 0.026778
0.235294 0.176471 0.0290354
0.235294 0.196078 0.0311503
0.235294 0.215686 0.033123
0.235294 0.235294 0.0349536
0.235294 0.254902 0.0366425
0.235294 0.27451 0.0381899
0.235294 0.294118 0.0395959
0.235294 0.313725 0.0408608
0.235294 0.333333 0.0419848
0.235294 0.352941 0.0429679
0.235294 0.372549 0.0438103
0.235294 0.392157 0.0445121
0.235294 0.411765 0.0450735
0.235294 0.431373 0.0454944
0.235294 0.45098 0.045775
0.235294 0.470588 0.0459153
0.235294 0.490196 0.0459153
0.235294 0.509804 0.045775
0.235294 0.529412 0.0454944
0.235294 0.54902 0.0450735
0.235294 0.568627 0.0445121
0.235294 0.588235 0.0438103
0.235294 0.607843 0.0429679
0.235294 0.627451 0.0419848
0.235294 0.647059 0.0408608
0.235294 0.666667 0.0395959
0.235294 0.686275 0.0381899
0.235294 0.705882 0.0366425
0.235294 0.72549 0.0349536
0.235294 0.745098 0.033123
0.235294 0.764706 0.0311503
0.235294 0.784314 0.0290354
0.235294 0.803922 0.026778
0.235294 0.823529 0.0243778
0.235294 0.843137 0.0218346
0.235294 0.862745 0.019148
0.235294 0.882353 0.0163177
0.235294 0.901961 0.0133434
0.235294 0.921569 0.0102249
0.235294 0.941176 0.00696167
0.235294 0.960784 0.00355352
