0.470588 0 0.00455521
0.470588 0.0196078 0.00891986
0.470588 0.0392157 0.0130952
0.470588 0.0588235 0.0170823
0.470588 0.0784314 0.0208821
0.470588 0.0980392 0.0244955
0.470588 0.117647 0.0279234
0.470588 0.137255 0.0311665
0.470588 0.156863 0.0342257
0.470588 0.176471 0.0371015
0.470588 0.196078 0.0397947
0.470588 0.215686 0.0423058
0.470588 0.235294 0.0446353
0.470588 0.254902 0.0467838
0.470588 0.27451 0.0487517
0.470588 0.294118 0.0505395
0.470588 0.313725 0.0521474
0.470588 0.333333 0.0535759
0.470588 0.352941 0.0548252
0.470588 0.372549 0.0558955
0.470588 0.392157 0.0567872
0.470588 0.411765 0.0575003
0.470588 0.431373 0.058035
0.470588 0.45098 0.0583914
0.470588 0.470588 0.0585695
0.470588 0.490196 0.0585695
0.470588 0.509804 0.0583914
0.470588 0.529412 0.058035
0.470588 0.54902 0.0575003
0.470588 0.568627 0.0567872
0.470588 0.588235 0.0558955
0.470588 0.607843 0.0548252
0.470588 0.627451 0.0535759
0.470588 0.647059 0.0521474
0.470588 0.666667 0.0505395
0.470588 0.686275 0.0487517
0.470588 0.705882 0.0467838
0.470588 0.72549 0.0446353
0.470588 0.745098 0.0423058
0.470588 0.764706 0.0397947
0.470588 0.784314 0.0371015
0.470588 0.803922 0.0342257
0.470588 0.823529 0.0311665
0.470588 0.843137 0.0279234
0.470588 0.862745 0.0244955
0.470588 0.882353 0.0208821
0.470588 0.901961 0.0170823
0.470588 0.921569 0.0130952
0.470588 0.941176 0.00891986
0.470588 0.960784 0.00455521
0.490196 0 0.00456299
0.490196 0.0196078 0.00893514
0.490196 0.0392157 0.0131176
0.490196 0.0588235 0.0171116
0.490196 0.0784314 0.0209179
0.490196 0.0980392 0.0245375
0.490196 0.117647 0.0279712
0.490196 0.137255 0.03122
0.490196 0.156863 0.0342844
0.490196 0.176471 0.0371652
0.490196 0.196078 0.039863
0.490196 0.215686 0.0423784
0.490196 0.235294 0.0447119
0.490196 0.254902 0.0468641
0.490196 0.27451 0.0488354
0.490196 0.294118 0.0506263
0.490196 0.313725 0.052237
0.490196 0.333333 0.0536679
0.490196 0.352941 0.0549194
0.490196 0.372549 0.0559916
0.490196 0.392157 0.0568847
0.490196 0.411765 0.0575991
0.490196 0.431373 0.0581347
0.490196 0.45098 0.0584917
0.490196 0.470588 0.0586702
0.490196 0.490196 0.0586702
0.490196 0.509804 0.0584917
0.490196 0.529412 0.0581347
0.490196 0.54902 0.0575991
0.490196 0.568627 0.0568847
0.490196 0.588235 0.0559916
0.490196 0.607843 0.0549194
0.490196 0.627451 0.0536679
0.490196 0.647059 0.052237
0.490196 0.666667 0.0506263
0.490196 0.686275 0.0488354
0.490196 0.705882 0.0468641
0.490196 0.72549 0.0447119
0.490196 0.745098 0.0423784
0.490196 0.764706 0.039863
0.490196 0.784314 0.0371652
0.490196 0.803922 0.0342844
0.490196 0.823529 0.03122
0.490196 0.843137 0.0279712
0.490196 0.862745 0.0245375
0.490196 0.882353 0.0209179
0.490196 0.901961 0.0171116
0.490196 0.921569 0.0131176
0.490196 0.941176 0.00893514
0.490196 0.960784 0.00456299
0.509804 0 0.00455467
0.509804 0.0196078 0.00891894
0.509804 0.0392157 0.0130939
0.509804 0.0588235 0.0170807
0.509804 0.0784314 0.0208802
0.509804 0.0980392 0.0244933
0.509804 0.117647 0.027921
0.509804 0.137255 0.0311639
0.509804 0.156863 0.0342228
0.509804 0.176471 0.0370984
0.509804 0.196078 0.0397914
0.509804 0.215686 0.0423023
0.509804 0.235294 0.0446317
0.509804 0.254902 0.04678
0.509804 0.27451 0.0487478
0.509804 0.294118 0.0505355
0.509804 0.313725 0.0521433
0.509804 0.333333 0.0535717
0.509804 0.352941 0.0548209
0.509804 0.372549 0.0558912
0.509804 0.392157 0.0567827
0.509804 0.411765 0.0574958
0.509804 0.431373 0.0580305
0.509804 0.45098 0.0583868
0.509804 0.470588 0.058565
0.509804 0.490196 0.058565
0.509804 0.509804 0.0583868
0.509804 0.529412 0.0580305
0.509804 0.54902 0.0574958
0.509804 0.568627 0.0567827
0.509804 0.588235 0.0558912
0.509804 0.607843 0.0548209
0.509804 0.627451 0.0535717
0.509804 0.647059 0.0521433
0.509804 0.666667 0.0505355
0.509804 0.686275 0.0487478
0.509804 0.705882 0.04678
0.509804 0.72549 0.0446317
0.509804 0.745098 0.0423023
0.509804 0.764706 0.0397914
0.509804 0.784314 0.0370984
0.509804 0.803922 0.0342228
0.509804 0.823529 0.0311639
0.509804 0.843137 0.027921
0.509804 0.862745 0.0244933
0.509804 0.882353 0.0208802
0.509804 0.901961 0.0170807
0.509804 0.921569 0.0130939
0.509804 0.941176 0.00891894
0.509804 0.960784 0.00455467
0.529412 0 0.00453039
0.529412 0.0196078 0.00887148
0.529412 0.0392157 0.0130243
0.529412 0.0588235 0.01699
0.529412 0.0784314 0.0207693
0.529412 0.0980392 0.0243633
0.529412 0.117647 0.0277728
0.529412 0.137255 0.0309985
0.529412 0.156863 0.0340412
0.529412 0.176471 0.0369016
0.529412 0.196078 0.0395802
0.529412 0.215686 0.0420778
0.529412 0.235294 0.0443949
0.529412 0.254902 0.0465318
0.529412 0.27451 0.0484892
0.529412 0.294118 0.0502673
0.529412 0.313725 0.0518666
0.529412 0.333333 0.0532874
0.529412 0.352941 0.05453
0.529412 0.372549 0.0555946
0.529412 0.392157 0.0564815
0.529412 0.411765 0.0571907
0.529412 0.431373 0.0577226
0.529412 0.45098 0.0580771
0.529412 0.470588 0.0582543
0.529412 0.490196 0.0582543
0.529412 0.509804 0.0580771
0.529412 0.529412 0.0577226
0.529412 0.54902 0.0571907
0.529412 0.568627 0.0564815
0.529412 0.588235 0.0555946
0.529412 0.607843 0.05453
0.529412 0.627451 0.0532874
0.529412 0.647059 0.0518666
0.529412 0.666667 0.0502673
0.529412 0.686275 0.0484892
0.529412 0.705882 0.0465318
0.529412 0.72549 0.0443949
0.529412 0.745098 0.0420778
0.529412 0.764706 0.0395802
0.529412 0.784314 0.0369016
0.529412 0.803922 0.0340412
0.529412 0.823529 0.0309985
0.529412 0.843137 0.0277728
0.529412 0.862745 0.0243633
0.529412 0.882353 0.0207693
0.529412 0.901961 0.01699
0.529412 0.921569 0.0130243
0.529412 0.941176 0.00887148
0.529412 0.960784 0.00453039
0.54902 0 0.00449024
0.54902 0.0196078 0.0087929
0.54902 0.0392157 0.012909
0.54902 0.0588235 0.0168396
0.54902 0.0784314 0.0205855
0.54902 0.0980392 0.0241476
0.54902 0.117647 0.0275269
0.54902 0.137255 0.030724
0.54902 0.156863 0.0337398
0.54902 0.176471 0.0365748
0.54902 0.196078 0.0392297
0.54902 0.215686 0.0417052
0.54902 0.235294 0.0440017
0.54902 0.254902 0.0461197
0.54902 0.27451 0.0480597
0.54902 0.294118 0.0498221
0.54902 0.313725 0.0514072
0.54902 0.333333 0.0528154
0.54902 0.352941 0.054047
0.54902 0.372549 0.0551021
0.54902 0.392157 0.0559811
0.54902 0.411765 0.0566841
0.54902 0.431373 0.0572112
0.54902 0.45098 0.0575626
0.54902 0.470588 0.0577383
0.54902 0.490196 0.0577383
0.54902 0.509804 0.0575626
0.54902 0.529412 0.0572112
0.54902 0.54902 0.0566841
0.54902 0.568627 0.0559811
0.54902 0.588235 0.0551021
0.54902 0.607843 0.054047
0.54902 0.627451 0.0528154
0.54902 0.647059 0.0514072
0.54902 0.666667 0.0498221
0.54902 0.686275 0.0480597
0.54902 0.705882 0.0461197
0.54902 0.72549 0.0440017
0.54902 0.745098 0.0417052
0.54902 0.764706 0.0392297
0.54902 0.784314 0.0365748
0.54902 0.803922 0.0337398
0.54902 0.823529 0.030724
0.54902 0.843137 0.0275269
0.54902 0.862745 0.0241476
0.54902 0.882353 0.0205855
0.54902 0.901961 0.0168396
0.54902 0.921569 0.012909
0.54902 0.941176 0.0087929
0.54902 0.960784 0.00449024
0.568627 0 0.00443426
0.568627 0.0196078 0.00868328
0.568627 0.0392157 0.0127481
0.568627 0.0588235 0.0166296
0.568627 0.0784314 0.0203287
0.568627 0.0980392 0.0238464
0.568627 0.117647 0.0271835
0.568627 0.137255 0.0303407
0.568627 0.156863 0.0333187
0.568627 0.176471 0.0361183
0.568627 0.196078 0.03874
0.568627 0.215686 0.0411845
0.568627 0.235294 0.0434523
0.568627 0.254902 0.0455438
0.568627 0.27451 0.0474596
0.568627 0.294118 0.0491999
0.568627 0.313725 0.0507652
0.568627 0.333333 0.0521558
0.568627 0.352941 0.053372
0.568627 0.372549 0.0544139
0.568627 0.392157 0.0552819
0.568627 0.411765 0.0559761
0.568627 0.431373 0.0564967
0.568627 0.45098 0.0568436
0.568627 0.470588 0.0570171
0.568627 0.490196 0.0570171
0.568627 0.509804 0.0568436
0.568627 0.529412 0.0564967
0.568627 0.54902 0.0559761
0.568627 0.568627 0.0552819
0.568627 0.588235 0.0544139
0.568627 0.607843 0.053372
0.568627 0.627451 0.0521558
0.568627 0.647059 0.0507652
0.568627 0.666667 0.0491999
0.568627 0.686275 0.0474596
0.568627 0.705882 0.0455438
0.568627 0.72549 0.0434523
0.568627 0.745098 0.0411845
0.568627 0.764706 0.03874
0.568627 0.784314 0.0361183
0.568627 0.803922 0.0333187
0.568627 0.823529 0.0303407
0.568627 0.843137 0.0271835
0.568627 0.862745 0.0238464
0.568627 0.882353 0.0203287
0.568627 0.901961 0.0166296
0.568627 0.921569 0.0127481
0.568627 0.941176 0.00868328
0.568627 0.960784 0.00443426
0.588235 0 0.00436249
0.588235 0.0196078 0.00854269
0.588235 0.0392157 0.0125416
0.588235 0.0588235 0.0163601
0.588235 0.0784314 0.0199992
0.588235 0.0980392 0.0234598
0.588235 0.117647 0.0267426
0.588235 0.137255 0.0298485
0.588235 0.156863 0.0327781
0.588235 0.176471 0.0355322
0.588235 0.196078 0.0381113
0.588235 0.215686 0.040516
0.588235 0.235294 0.0427469
0.588235 0.254902 0.0448044
0.588235 0.27451 0.0466889
0.588235 0.294118 0.048401
0.588235 0.313725 0.0499408
0.588235 0.333333 0.0513088
0.588235 0.352941 0.0525052
0.588235 0.372549 0.0535302
0.588235 0.392157 0.0543841
0.588235 0.411765 0.055067
0.588235 0.431373 0.055579
0.588235 0.45098 0.0559204
0.588235 0.470588 0.056091
0.588235 0.490196 0.056091
0.588235 0.509804 0.0559204
0.588235 0.529412 0.055579
0.588235 0.54902 0.055067
0.588235 0.568627 0.0543841
0.588235 0.588235 0.0535302
0.588235 0.607843 0.0525052
0.588235 0.627451 0.0513088
0.588235 0.647059 0.0499408
0.588235 0.666667 0.048401
0.588235 0.686275 0.0466889
0.588235 0.705882 0.0448044
0.588235 0.72549 0.0427469
0.588235 0.745098 0.040516
0.588235 0.764706 0.0381113
0.588235 0.784314 0.0355322
0.588235 0.803922 0.0327781
0.588235 0.823529 0.0298485
0.588235 0.843137 0.0267426
0.588235 0.862745 0.0234598
0.588235 0.882353 0.0199992
0.588235 0.901961 0.0163601
0.588235 0.921569 0.0125416
0.588235 0.941176 0.00854269
0.588235 0.960784 0.00436249
0.607843 0 0.00427493
0.607843 0.0196078 0.00837113
0.607843 0.0392157 0.0122896
0.607843 0.0588235 0.0160312
0.607843 0.0784314 0.019597
0.607843 0.0980392 0.0229878
0.607843 0.117647 0.0262044
0.607843 0.137255 0.0292476
0.607843 0.156863 0.0321181
0.607843 0.176471 0.0348165
0.607843 0.196078 0.0373435
0.607843 0.215686 0.0396997
0.607843 0.235294 0.0418855
0.607843 0.254902 0.0439014
0.607843 0.27451 0.0457479
0.607843 0.294118 0.0474254
0.607843 0.313725 0.0489341
0.607843 0.333333 0.0502745
0.607843 0.352941 0.0514467
0.607843 0.372549 0.052451
0.607843 0.392157 0.0532876
0.607843 0.411765 0.0539568
0.607843 0.431373 0.0544585
0.607843 0.45098 0.0547929
0.607843 0.470588 0.0549601
0.607843 0.490196 0.0549601
0.607843 0.509804 0.0547929
0.607843 0.529412 0.0544585
0.607843 0.54902 0.0539568
0.607843 0.568627 0.0532876
0.607843 0.588235 0.052451
0.607843 0.607843 0.0514467
0.607843 0.627451 0.0502745
0.607843 0.647059 0.0489341
0.607843 0.666667 0.0474254
0.607843 0.686275 0.0457479
0.607843 0.705882 0.0439014
0.607843 0.72549 0.0418855
0.607843 0.745098 0.0396997
0.607843 0.764706 0.0373435
0.607843 0.784314 0.0348165
0.607843 0.803922 0.0321181
0.607843 0.823529 0.0292476
0.607843 0.843137 0.0262044
0.607843 0.862745 0.0229878
0.607843 0.882353 0.019597
0.607843 0.901961 0.0160312
0.607843 0.921569 0.0122896
0.607843 0.941176 0.00837113
0.607843 0.960784 0.00427493
0.627451 0 0.00417159
0.627451 0.0196078 0.00816861
0.627451 0.0392157 0.0119921
0.627451 0.0588235 0.0156429
0.627451 0.0784314 0.0191221
0.627451 0.0980392 0.0224304
0.627451 0.117647 0.0255688
0.627451 0.137255 0.0285379
0.627451 0.156863 0.0313385
0.627451 0.176471 0.0339713
0.627451 0.196078 0.0364368
0.627451 0.215686 0.0387356
0.627451 0.235294 0.0408682
0.627451 0.254902 0.042835
0.627451 0.27451 0.0446366
0.627451 0.294118 0.0462732
0.627451 0.313725 0.0477452
0.627451 0.333333 0.0490529
0.627451 0.352941 0.0501966
0.627451 0.372549 0.0511765
0.627451 0.392157 0.0519927
0.627451 0.411765 0.0526456
0.627451 0.431373 0.0531351
0.627451 0.45098 0.0534614
0.627451 0.470588 0.0536245
0.627451 0.490196 0.0536245
0.627451 0.509804 0.0534614
0.627451 0.529412 0.0531351
0.627451 0.54902 0.0526456
0.627451 0.568627 0.0519927
0.627451 0.588235 0.0511765
0.627451 0.607843 0.0501966
0.627451 0.627451 0.0490529
0.627451 0.647059 0.0477452
0.627451 0.666667 0.0462732
0.627451 0.686275 0.0446366
0.627451 0.705882 0.042835
0.627451 0.72549 0.0408682
0.627451 0.745098 0.0387356
0.627451 0.764706 0.0364368
0.627451 0.784314 0.0339713
0.627451 0.803922 0.0313385
0.627451 0.823529 0.0285379
0.627451 0.843137 0.0255688
0.627451 0.862745 0.0224304
0.627451 0.882353 0.0191221
0.627451 0.901961 0.0156429
0.627451 0.921569 0.0119921
0.627451 0.941176 0.00816861
0.627451 0.960784 0.00417159
0.647059 0 0.00405244
0.647059 0.0196078 0.00793508
0.647059 0.0392157 0.011649
0.647059 0.0588235 0.015195
0.647059 0.0784314 0.0185743
0.647059 0.0980392 0.0217876
0.647059 0.117647 0.0248357
0.647059 0.137255 0.0277195
0.647059 0.156863 0.0304395
0.647059 0.176471 0.0329966
0.647059 0.196078 0.0353911
0.647059 0.215686 0.0376238
0.647059 0.235294 0.039695
0.647059 0.254902 0.0416052
0.647059 0.27451 0.0433549
0.647059 0.294118 0.0449444
0.647059 0.313725 0.0463741
0.647059 0.333333 0.0476442
0.647059 0.352941 0.048755
0.647059 0.372549 0.0497066
0.647059 0.392157 0.0504994
0.647059 0.411765 0.0511335
0.647059 0.431373 0.0516089
0.647059 0.45098 0.0519258
0.647059 0.470588 0.0520842
0.647059 0.490196 0.0520842
0.647059 0.509804 0.0519258
0.647059 0.529412 0.0516089
0.647059 0.54902 0.0511335
0.647059 0.568627 0.0504994
0.647059 0.588235 0.0497066
0.647059 0.607843 0.048755
0.647059 0.627451 0.0476442
0.647059 0.647059 0.0463741
0.647059 0.666667 0.0449444
0.647059 0.686275 0.0433549
0.647059 0.705882 0.0416052
0.647059 0.72549 0.039695
0.647059 0.745098 0.0376238
0.647059 0.764706 0.0353911
0.647059 0.784314 0.0329966
0.647059 0.803922 0.0304395
0.647059 0.823529 0.0277195
0.647059 0.843137 0.0248357
0.647059 0.862745 0.0217876
0.647059 0.882353 0.0185743
0.647059 0.901961 0.015195
0.647059 0.921569 0.011649
0.647059 0.941176 0.00793508
0.647059 0.960784 0.00405244
0.666667 0 0.00391745
0.666667 0.0196078 0.00767048
0.666667 0.0392157 0.0112602
0.666667 0.0588235 0.0146876
0.666667 0.0784314 0.0179536
0.666667 0.0980392 0.0210592
0.666667 0.117647 0.0240052
0.666667 0.137255 0.0267922
0.666667 0.156863 0.029421
0.666667 0.176471 0.0318922
0.666667 0.196078 0.0342064
0.666667 0.215686 0.0363641
0.666667 0.235294 0.0383658
0.666667 0.254902 0.040212
0.666667 0.27451 0.041903
0.666667 0.294118 0.0434391
0.666667 0.313725 0.0448208
0.666667 0.333333 0.0460483
0.666667 0.352941 0.0471218
0.666667 0.372549 0.0480416
0.666667 0.392157 0.0488078
0.666667 0.411765 0.0494205
0.666667 0.431373 0.04988
0.666667 0.45098 0.0501863
0.666667 0.470588 0.0503394
0.666667 0.490196 0.0503394
0.666667 0.509804 0.0501863
0.666667 0.529412 0.04988
0.666667 0.54902 0.0494205
0.666667 0.568627 0.0488078
0.666667 0.588235 0.0480416
0.666667 0.607843 0.0471218
0.666667 0.627451 0.0460483
0.666667 0.647059 0.0448208
0.666667 0.666667 0.0434391
0.666667 0.686275 0.041903
0.666667 0.705882 0.040212
0.666667 0.72549 0.0383658
0.666667 0.745098 0.0363641
0.666667 0.764706 0.0342064
0.666667 0.784314 0.0318922
0.666667 0.803922 0.029421
0.666667 0.823529 0.0267922
0.666667 0.843137 0.0240052
0.666667 0.862745 0.0210592
0.666667 0.882353 0.0179536
0.666667 0.901961 0.0146876
0.666667 0.921569 0.0112602
0.666667 0.941176 0.00767048
0.666667 0.960784 0.00391745
0.686275 0 0.00376653
0.686275 0.0196078 0.00737467
0.686275 0.0392157 0.0108256
0.686275 0.0588235 0.0141203
0.686275 0.0784314 0.0172599
0.686275 0.0980392 0.0202451
0.686275 0.117647 0.0230769
0.686275 0.137255 0.0257558
0.686275 0.156863 0.0282827
0.686275 0.176471 0.0306581
0.686275 0.196078 0.0328825
0.686275 0.215686 0.0349565
0.686275 0.235294 0.0368806
0.686275 0.254902 0.0386552
0.686275 0.27451 0.0402806
0.686275 0.294118 0.0417572
0.686275 0.313725 0.0430853
0.686275 0.333333 0.0442652
0.686275 0.352941 0.0452971
0.686275 0.372549 0.0461812
0.686275 0.392157 0.0469177
0.686275 0.411765 0.0475067
0.686275 0.431373 0.0479484
0.686275 0.45098 0.0482428
0.686275 0.470588 0.04839
0.686275 0.490196 0.04839
0.686275 0.509804 0.0482428
0.686275 0.529412 0.0479484
0.686275 0.54902 0.0475067
0.686275 0.568627 0.0469177
0.686275 0.588235 0.0461812
0.686275 0.607843 0.0452971
0.686275 0.627451 0.0442652
0.686275 0.647059 0.0430853
0.686275 0.666667 0.0417572
0.686275 0.686275 0.0402806
0.686275 0.705882 0.0386552
0.686275 0.72549 0.0368806
0.686275 0.745098 0.0349565
0.686275 0.764706 0.0328825
0.686275 0.784314 0.0306581
0.686275 0.803922 0.0282827
0.686275 0.823529 0.0257558
0.686275 0.843137 0.0230769
0.686275 0.862745 0.0202451
0.686275 0.882353 0.0172599
0.686275 0.901961 0.0141203
0.686275 0.921569 0.0108256
0.686275 0.941176 0.00737467
0.686275 0.960784 0.00376653
0.705882 0 0.00359959
0.705882 0.0196078 0.00704749
0.705882 0.0392157 0.0103449
0.705882 0.0588235 0.0134931
0.705882 0.0784314 0.0164928
0.705882 0.0980392 0.0193451
0.705882 0.117647 0.0220507
0.705882 0.137255 0.0246102
0.705882 0.156863 0.0270245
0.705882 0.176471 0.029294
0.705882 0.196078 0.0314193
0.705882 0.215686 0.0334009
0.705882 0.235294 0.0352393
0.705882 0.254902 0.0369348
0.705882 0.27451 0.0384878
0.705882 0.294118 0.0398986
0.705882 0.313725 0.0411675
0.705882 0.333333 0.0422948
0.705882 0.352941 0.0432808
0.705882 0.372549 0.0441255
0.705882 0.392157 0.0448292
0.705882 0.411765 0.045392
0.705882 0.431373 0.045814
0.705882 0.45098 0.0460953
0.705882 0.470588 0.0462359
0.705882 0.490196 0.0462359
0.705882 0.509804 0.0460953
0.705882 0.529412 0.045814
0.705882 0.54902 0.045392
0.705882 0.568627 0.0448292
0.705882 0.588235 0.0441255
0.705882 0.607843 0.0432808
0.705882 0.627451 0.0422948
0.705882 0.647059 0.0411675
0.705882 0.666667 0.0398986
0.705882 0.686275 0.0384878
0.705882 0.705882 0.0369348
0.705882 0.72549 0.0352393
0.705882 0.745098 0.0334009
0.705882 0.764706 0.0314193
0.705882 0.784314 0.029294
0.705882 0.803922 0.0270245
0.705882 0.823529 0.0246102
0.705882 0.843137 0.0220507
0.705882 0.862745 0.0193451
0.705882 0.882353 0.0164928
0.705882 0.901961 0.0134931
0.705882 0.921569 0.0103449
0.705882 0.941176 0.00704749
0.705882 0.960784 0.00359959
0.72549 0 0.00341642
0.72549 0.0196078 0.00668863
0.72549 0.0392157 0.00981794
0.72549 0.0588235 0.0128055
0.72549 0.0784314 0.0156521
0.72549 0.0980392 0.0183588
0.72549 0.117647 0.0209262
0.72549 0.137255 0.0233552
0.72549 0.156863 0.0256462
0.72549 0.176471 0.0277998
0.72549 0.196078 0.0298166
0.72549 0.215686 0.0316971
0.72549 0.235294 0.0334416
0.72549 0.254902 0.0350506
0.72549 0.27451 0.0365243
0.72549 0.294118 0.0378631
0.72549 0.313725 0.0390673
0.72549 0.333333 0.0401372
0.72549 0.352941 0.0410728
0.72549 0.372549 0.0418744
0.72549 0.392157 0.0425422
0.72549 0.411765 0.0430763
0.72549 0.431373 0.0434768
0.72549 0.45098 0.0437437
0.72549 0.470588 0.0438772
0.72549 0.490196 0.0438772
0.72549 0.509804 0.0437437
0.72549 0.529412 0.0434768
0.72549 0.54902 0.0430763
0.72549 0.568627 0.0425422
0.72549 0.588235 0.0418744
0.72549 0.607843 0.0410728
0.72549 0.627451 0.0401372
0.72549 0.647059 0.0390673
0.72549 0.666667 0.0378631
0.72549 0.686275 0.0365243
0.72549 0.705882 0.0350506
0.72549 0.72549 0.0334416
0.72549 0.745098 0.0316971
0.72549 0.764706 0.0298166
0.72549 0.784314 0.0277998
0.72549 0.803922 0.0256462
0.72549 0.823529 0.0233552
0.72549 0.843137 0.0209262
0.72549 0.862745 0.0183588
0.72549 0.882353 0.0156521
0.72549 0.901961 0.0128055
0.72549 0.921569 0.00981794
0.72549 0.941176 0.00668863
0.72549 0.960784 0.00341642
