0.705882 0 0.00371968
0.705882 0.0196078 0.00728697
0.705882 0.0392157 0.0107023
0.705882 0.0588235 0.0139662
0.705882 0.0784314 0.0170788
0.705882 0.0980392 0.0200407
0.705882 0.117647 0.0228522
0.705882 0.137255 0.0255135
0.705882 0.156863 0.0280251
0.705882 0.176471 0.0303872
0.705882 0.196078 0.0326002
0.705882 0.215686 0.0346643
0.705882 0.235294 0.0365798
0.705882 0.254902 0.0383469
0.705882 0.27451 0.039966
0.705882 0.294118 0.0414371
0.705882 0.313725 0.0427606
0.705882 0.333333 0.0439366
0.705882 0.352941 0.0449652
0.705882 0.372549 0.0458466
0.705882 0.392157 0.0465809
0.705882 0.411765 0.0471682
0.705882 0.431373 0.0476087
0.705882 0.45098 0.0479023
0.705882 0.470588 0.048049
0.705882 0.490196 0.048049
0.705882 0.509804 0.0479023
0.705882 0.529412 0.0476087
0.705882 0.54902 0.0471682
0.705882 0.568627 0.0465809
0.705882 0.588235 0.0458466
0.705882 0.607843 0.0449652
0.705882 0.627451 0.0439366
0.705882 0.647059 0.0427606
0.705882 0.666667 0.0414371
0.705882 0.686275 0.039966
0.705882 0.705882 0.0383469
0.705882 0.72549 0.0365798
0.705882 0.745098 0.0346643
0.705882 0.764706 0.0326002
0.705882 0.784314 0.0303872
0.705882 0.803922 0.0280251
0.705882 0.823529 0.0255135
0.705882 0.843137 0.0228522
0.705882 0.862745 0.0200407
0.705882 0.882353 0.0170788
0.705882 0.901961 0.0139662
0.705882 0.921569 0.0107023
0.705882 0.941176 0.00728697
0.705882 0.960784 0.00371968
0.72549 0 0.00355208
0.72549 0.0196078 0.00695866
0.72549 0.0392157 0.0102202
0.72549 0.0588235 0.0133371
0.72549 0.0784314 0.0163097
0.72549 0.0980392 0.0191384
0.72549 0.117647 0.0218235
0.72549 0.137255 0.0243653
0.72549 0.156863 0.0267641
0.72549 0.176471 0.0290202
0.72549 0.196078 0.0311339
0.72549 0.215686 0.0331055
0.72549 0.235294 0.0349352
0.72549 0.254902 0.0366232
0.72549 0.27451 0.0381698
0.72549 0.294118 0.0395751
0.72549 0.313725 0.0408393
0.72549 0.333333 0.0419627
0.72549 0.352941 0.0429453
0.72549 0.372549 0.0437873
0.72549 0.392157 0.0444888
0.72549 0.411765 0.0450499
0.72549 0.431373 0.0454707
0.72549 0.45098 0.0457511
0.72549 0.470588 0.0458914
0.72549 0.490196 0.0458914
0.72549 0.509804 0.0457511
0.72549 0.529412 0.0454707
0.72549 0.54902 0.0450499
0.72549 0.568627 0.0444888
0.72549 0.588235 0.0437873
0.72549 0.607843 0.0429453
0.72549 0.627451 0.0419627
0.72549 0.647059 0.0408393
0.72549 0.666667 0.0395751
0.72549 0.686275 0.0381698
0.72549 0.705882 0.0366232
0.72549 0.72549 0.0349352
0.72549 0.745098 0.0331055
0.72549 0.764706 0.0311339
0.72549 0.784314 0.0290202
0.72549 0.803922 0.0267641
0.72549 0.823529 0.0243653
0.72549 0.843137 0.0218235
0.72549 0.862745 0.0191384
0.72549 0.882353 0.0163097
0.72549 0.901961 0.0133371
0.72549 0.921569 0.0102202
0.72549 0.941176 0.00695866
0.72549 0.960784 0.00355208
0.745098 0 0.00336915
0.745098 0.0196078 0.00660038
0.745098 0.0392157 0.00969411
0.745098 0.0588235 0.0126507
0.745098 0.0784314 0.0154705
0.745098 0.0980392 0.0181538
0.745098 0.117647 0.020701
0.745098 0.137255 0.0231123
0.745098 0.156863 0.025388
0.745098 0.176471 0.0275284
0.745098 0.196078 0.0295337
0.745098 0.215686 0.0314042
0.745098 0.235294 0.0331402
0.745098 0.254902 0.0347417
0.745098 0.27451 0.0362091
0.745098 0.294118 0.0375425
0.745098 0.313725 0.038742
0.745098 0.333333 0.0398079
0.745098 0.352941 0.0407403
0.745098 0.372549 0.0415392
0.745098 0.392157 0.0422049
0.745098 0.411765 0.0427373
0.745098 0.431373 0.0431365
0.745098 0.45098 0.0434026
0.745098 0.470588 0.0435357
0.745098 0.490196 0.0435357
0.745098 0.509804 0.0434026
0.745098 0.529412 0.0431365
0.745098 0.54902 0.0427373
0.745098 0.568627 0.0422049
0.745098 0.588235 0.0415392
0.745098 0.607843 0.0407403
0.745098 0.627451 0.0398079
0.745098 0.647059 0.038742
0.745098 0.666667 0.0375425
0.745098 0.686275 0.0362091
0.745098 0.705882 0.0347417
0.745098 0.72549 0.0331402
0.745098 0.745098 0.0314042
0.745098 0.764706 0.0295337
0.745098 0.784314 0.0275284
0.745098 0.803922 0.025388
0.745098 0.823529 0.0231123
0.745098 0.843137 0.020701
0.745098 0.862745 0.0181538
0.745098 0.882353 0.0154705
0.745098 0.901961 0.0126507
0.745098 0.921569 0.00969411
0.745098 0.941176 0.00660038
0.745098 0.960784 0.00336915
0.764706 0 0.00317099
0.764706 0.0196078 0.00621228
0.764706 0.0392157 0.00912423
0.764706 0.0588235 0.0119072
0.764706 0.0784314 0.0145614
0.764706 0.0980392 0.0170872
0.764706 0.117647 0.0194849
0.764706 0.137255 0.0217548
0.764706 0.156863 0.0238971
0.764706 0.176471 0.0259121
0.764706 0.196078 0.0277999
0.764706 0.215686 0.0295609
0.764706 0.235294 0.0311951
0.764706 0.254902 0.0327029
0.764706 0.27451 0.0340844
0.764706 0.294118 0.0353398
0.764706 0.313725 0.0364692
0.764706 0.333333 0.0374728
0.764706 0.352941 0.0383506
0.764706 0.372549 0.0391028
0.764706 0.392157 0.0397295
0.764706 0.411765 0.0402308
0.764706 0.431373 0.0406067
0.764706 0.45098 0.0408573
0.764706 0.470588 0.0409826
0.764706 0.490196 0.0409826
0.764706 0.509804 0.0408573
0.764706 0.529412 0.0406067
0.764706 0.54902 0.0402308
0.764706 0.568627 0.0397295
0.764706 0.588235 0.0391028
0.764706 0.607843 0.0383506
0.764706 0.627451 0.0374728
0.764706 0.647059 0.0364692
0.764706 0.666667 0.0353398
0.764706 0.686275 0.0340844
0.764706 0.705882 0.0327029
0.764706 0.72549 0.0311951
0.764706 0.745098 0.0295609
0.764706 0.764706 0.0277999
0.764706 0.784314 0.0259121
0.764706 0.803922 0.0238971
0.764706 0.823529 0.0217548
0.764706 0.843137 0.0194849
0.764706 0.862745 0.0170872
0.764706 0.882353 0.0145614
0.764706 0.901961 0.0119072
0.764706 0.921569 0.00912423
0.764706 0.941176 0.00621228
0.764706 0.960784 0.00317099
0.784314 0 0.00295769
0.784314 0.0196078 0.00579448
0.784314 0.0392157 0.00851071
0.784314 0.0588235 0.0111067
0.784314 0.0784314 0.0135826
0.784314 0.0980392 0.0159388
0.784314 0.117647 0.0181756
0.784314 0.137255 0.0202932
0.784314 0.156863 0.0222917
0.784314 0.176471 0.0241715
0.784314 0.196078 0.0259328
0.784314 0.215686 0.0275757
0.784314 0.235294 0.0291005
0.784314 0.254902 0.0305072
0.784314 0.27451 0.0317962
0.784314 0.294118 0.0329675
0.784314 0.313725 0.0340213
0.784314 0.333333 0.0349576
0.784314 0.352941 0.0357767
0.784314 0.372549 0.0364786
0.784314 0.392157 0.0370633
0.784314 0.411765 0.037531
0.784314 0.431373 0.0378818
0.784314 0.45098 0.0381156
0.784314 0.470588 0.0382325
0.784314 0.490196 0.0382325
0.784314 0.509804 0.0381156
0.784314 0.529412 0.0378818
0.784314 0.54902 0.037531
0.784314 0.568627 0.0370633
0.784314 0.588235 0.0364786
0.784314 0.607843 0.0357767
0.784314 0.627451 0.0349576
0.784314 0.647059 0.0340213
0.784314 0.666667 0.0329675
0.784314 0.686275 0.0317962
0.784314 0.705882 0.0305072
0.784314 0.72549 0.0291005
0.784314 0.745098 0.0275757
0.784314 0.764706 0.0259328
0.784314 0.784314 0.0241715
0.784314 0.803922 0.0222917
0.784314 0.823529 0.0202932
0.784314 0.843137 0.0181756
0.784314 0.862745 0.0159388
0.784314 0.882353 0.0135826
0.784314 0.901961 0.0111067
0.784314 0.921569 0.00851071
0.784314 0.941176 0.00579448
0.784314 0.960784 0.00295769
0.803922 0 0.00272927
0.803922 0.0196078 0.00534708
0.803922 0.0392157 0.00785368
0.803922 0.0588235 0.0102494
0.803922 0.0784314 0.0125343
0.803922 0.0980392 0.0147089
0.803922 0.117647 0.0167732
0.803922 0.137255 0.0187276
0.803922 0.156863 0.0205722
0.803922 0.176471 0.0223072
0.803922 0.196078 0.0239328
0.803922 0.215686 0.0254492
0.803922 0.235294 0.0268565
0.803922 0.254902 0.028155
0.803922 0.27451 0.0293448
0.803922 0.294118 0.0304259
0.803922 0.313725 0.0313986
0.803922 0.333333 0.0322629
0.803922 0.352941 0.033019
0.803922 0.372549 0.0336669
0.803922 0.392157 0.0342067
0.803922 0.411765 0.0346384
0.803922 0.431373 0.0349622
0.803922 0.45098 0.035178
0.803922 0.470588 0.0352859
0.803922 0.490196 0.0352859
0.803922 0.509804 0.035178
0.803922 0.529412 0.0349622
0.803922 0.54902 0.0346384
0.803922 0.568627 0.0342067
0.803922 0.588235 0.0336669
0.803922 0.607843 0.033019
0.803922 0.627451 0.0322629
0.803922 0.647059 0.0313986
0.803922 0.666667 0.0304259
0.803922 0.686275 0.0293448
0.803922 0.705882 0.028155
0.803922 0.72549 0.0268565
0.803922 0.745098 0.0254492
0.803922 0.764706 0.0239328
0.803922 0.784314 0.0223072
0.803922 0.803922 0.0205722
0.803922 0.823529 0.0187276
0.803922 0.843137 0.0167732
0.803922 0.862745 0.0147089
0.803922 0.882353 0.0125343
0.803922 0.901961 0.0102494
0.803922 0.921569 0.00785368
0.803922 0.941176 0.00534708
0.803922 0.960784 0.00272927
0.823529 0 0.00248581
0.823529 0.0196078 0.00487015
0.823529 0.0392157 0.00715328
0.823529 0.0588235 0.00933541
0.823529 0.0784314 0.0114168
0.823529 0.0980392 0.0133976
0.823529 0.117647 0.015278
0.823529 0.137255 0.0170583
0.823529 0.156863 0.0187387
0.823529 0.176471 0.0203192
0.823529 0.196078 0.0218001
0.823529 0.215686 0.0231816
0.823529 0.235294 0.0244637
0.823529 0.254902 0.0256466
0.823529 0.27451 0.0267306
0.823529 0.294118 0.0277155
0.823529 0.313725 0.0286017
0.823529 0.333333 0.0293892
0.823529 0.352941 0.030078
0.823529 0.372549 0.0306683
0.823529 0.392157 0.0311601
0.823529 0.411765 0.0315535
0.823529 0.431373 0.0318484
0.823529 0.45098 0.0320451
0.823529 0.470588 0.0321434
0.823529 0.490196 0.0321434
0.823529 0.509804 0.0320451
0.823529 0.529412 0.0318484
0.823529 0.54902 0.0315535
0.823529 0.568627 0.0311601
0.823529 0.588235 0.0306683
0.823529 0.607843 0.030078
0.823529 0.627451 0.0293892
0.823529 0.647059 0.0286017
0.823529 0.666667 0.0277155
0.823529 0.686275 0.0267306
0.823529 0.705882 0.0256466
0.823529 0.72549 0.0244637
0.823529 0.745098 0.0231816
0.823529 0.764706 0.0218001
0.823529 0.784314 0.0203192
0.823529 0.803922 0.0187387
0.823529 0.823529 0.0170583
0.823529 0.843137 0.015278
0.823529 0.862745 0.0133976
0.823529 0.882353 0.0114168
0.823529 0.901961 0.00933541
0.823529 0.921569 0.00715328
0.823529 0.941176 0.00487015
0.823529 0.960784 0.00248581
0.843137 0 0.00222731
0.843137 0.0196078 0.00436378
0.843137 0.0392157 0.0064096
0.843137 0.0588235 0.00836496
0.843137 0.0784314 0.0102301
0.843137 0.0980392 0.0120051
0.843137 0.117647 0.0136902
0.843137 0.137255 0.0152857
0.843137 0.156863 0.0167915
0.843137 0.176471 0.018208
0.843137 0.196078 0.0195351
0.843137 0.215686 0.0207732
0.843137 0.235294 0.0219223
0.843137 0.254902 0.0229825
0.843137 0.27451 0.0239539
0.843137 0.294118 0.0248367
0.843137 0.313725 0.025631
0.843137 0.333333 0.0263367
0.843137 0.352941 0.0269541
0.843137 0.372549 0.0274832
0.843137 0.392157 0.027924
0.843137 0.411765 0.0282765
0.843137 0.431373 0.0285409
0.843137 0.45098 0.0287172
0.843137 0.470588 0.0288053
0.843137 0.490196 0.0288053
0.843137 0.509804 0.0287172
0.843137 0.529412 0.0285409
0.843137 0.54902 0.0282765
0.843137 0.568627 0.027924
0.843137 0.588235 0.0274832
0.843137 0.607843 0.0269541
0.843137 0.627451 0.0263367
0.843137 0.647059 0.025631
0.843137 0.666667 0.0248367
0.843137 0.686275 0.0239539
0.843137 0.705882 0.0229825
0.843137 0.72549 0.0219223
0.843137 0.745098 0.0207732
0.843137 0.764706 0.0195351
0.843137 0.784314 0.018208
0.843137 0.803922 0.0167915
0.843137 0.823529 0.0152857
0.843137 0.843137 0.0136902
0.843137 0.862745 0.0120051
0.843137 0.882353 0.0102301
0.843137 0.901961 0.00836496
0.843137 0.921569 0.0064096
0.843137 0.941176 0.00436378
0.843137 0.960784 0.00222731
0.862745 0 0.00195384
0.862745 0.0196078 0.00382803
0.862745 0.0392157 0.00562274
0.862745 0.0588235 0.00733814
0.862745 0.0784314 0.00897439
0.862745 0.0980392 0.0105317
0.862745 0.117647 0.0120101
0.862745 0.137255 0.0134098
0.862745 0.156863 0.014731
0.862745 0.176471 0.0159737
0.862745 0.196078 0.0171382
0.862745 0.215686 0.0182244
0.862745 0.235294 0.0192326
0.862745 0.254902 0.0201629
0.862745 0.27451 0.0210153
0.862745 0.294118 0.0217899
0.862745 0.313725 0.0224868
0.862745 0.333333 0.023106
0.862745 0.352941 0.0236478
0.862745 0.372549 0.024112
0.862745 0.392157 0.0244988
0.862745 0.411765 0.0248081
0.862745 0.431373 0.0250401
0.862745 0.45098 0.0251948
0.862745 0.470588 0.0252721
0.862745 0.490196 0.0252721
0.862745 0.509804 0.0251948
0.862745 0.529412 0.0250401
0.862745 0.54902 0.0248081
0.862745 0.568627 0.0244988
0.862745 0.588235 0.024112
0.862745 0.607843 0.0236478
0.862745 0.627451 0.023106
0.862745 0.647059 0.0224868
0.862745 0.666667 0.0217899
0.862745 0.686275 0.0210153
0.862745 0.705882 0.0201629
0.862745 0.72549 0.0192326
0.862745 0.745098 0.0182244
0.862745 0.764706 0.0171382
0.862745 0.784314 0.0159737
0.862745 0.803922 0.014731
0.862745 0.823529 0.0134098
0.862745 0.843137 0.0120101
0.862745 0.862745 0.0105317
0.862745 0.882353 0.00897439
0.862745 0.901961 0.00733814
0.862745 0.921569 0.00562274
0.862745 0.941176 0.00382803
0.862745 0.960784 0.00195384
0.882353 0 0.00166541
0.882353 0.0196078 0.00326296
0.882353 0.0392157 0.0047928
0.882353 0.0588235 0.00625507
0.882353 0.0784314 0.00764989
0.882353 0.0980392 0.0089774
0.882353 0.117647 0.0102377
0.882353 0.137255 0.011431
0.882353 0.156863 0.0125573
0.882353 0.176471 0.0136167
0.882353 0.196078 0.0146095
0.882353 0.215686 0.0155356
0.882353 0.235294 0.0163951
0.882353 0.254902 0.0171882
0.882353 0.27451 0.0179149
0.882353 0.294118 0.0185753
0.882353 0.313725 0.0191695
0.882353 0.333333 0.0196975
0.882353 0.352941 0.0201593
0.882353 0.372549 0.0205551
0.882353 0.392157 0.0208849
0.882353 0.411765 0.0211487
0.882353 0.431373 0.0213465
0.882353 0.45098 0.0214784
0.882353 0.470588 0.0215443
0.882353 0.490196 0.0215443
0.882353 0.509804 0.0214784
0.882353 0.529412 0.0213465
0.882353 0.54902 0.0211487
0.882353 0.568627 0.0208849
0.882353 0.588235 0.0205551
0.882353 0.607843 0.0201593
0.882353 0.627451 0.0196975
0.882353 0.647059 0.0191695
0.882353 0.666667 0.0185753
0.882353 0.686275 0.0179149
0.882353 0.705882 0.0171882
0.882353 0.72549 0.0163951
0.882353 0.745098 0.0155356
0.882353 0.764706 0.0146095
0.882353 0.784314 0.0136167
0.882353 0.803922 0.0125573
0.882353 0.823529 0.011431
0.882353 0.843137 0.0102377
0.882353 0.862745 0.0089774
0.882353 0.882353 0.00764989
0.882353 0.901961 0.00625507
0.882353 0.921569 0.0047928
0.882353 0.941176 0.00326296
0.882353 0.960784 0.00166541
0.901961 0 0.00136206
0.901961 0.0196078 0.00266865
0.901961 0.0392157 0.00391988
0.901961 0.0588235 0.00511587
0.901961 0.0784314 0.00625671
0.901961 0.0980392 0.00734252
0.901961 0.117647 0.00837339
0.901961 0.137255 0.00934942
0.901961 0.156863 0.0102707
0.901961 0.176471 0.0111373
0.901961 0.196078 0.0119493
0.901961 0.215686 0.0127069
0.901961 0.235294 0.01341
0.901961 0.254902 0.0140588
0.901961 0.27451 0.0146532
0.901961 0.294118 0.0151934
0.901961 0.313725 0.0156795
0.901961 0.333333 0.0161114
0.901961 0.352941 0.0164892
0.901961 0.372549 0.016813
0.901961 0.392157 0.0170828
0.901961 0.411765 0.0172986
0.901961 0.431373 0.0174604
0.901961 0.45098 0.0175683
0.901961 0.470588 0.0176222
0.901961 0.490196 0.0176222
0.901961 0.509804 0.0175683
0.901961 0.529412 0.0174604
0.901961 0.54902 0.0172986
0.901961 0.568627 0.0170828
0.901961 0.588235 0.016813
0.901961 0.607843 0.0164892
0.901961 0.627451 0.0161114
0.901961 0.647059 0.0156795
0.901961 0.666667 0.0151934
0.901961 0.686275 0.0146532
0.901961 0.705882 0.0140588
0.901961 0.72549 0.01341
0.901961 0.745098 0.0127069
0.901961 0.764706 0.0119493
0.901961 0.784314 0.0111373
0.901961 0.803922 0.0102707
0.901961 0.823529 0.00934942
0.901961 0.843137 0.00837339
0.901961 0.862745 0.00734252
0.901961 0.882353 0.00625671
0.901961 0.901961 0.00511587
0.901961 0.921569 0.00391988
0.901961 0.941176 0.00266865
0.901961 0.960784 0.00136206
0.921569 0 0.00104381
0.921569 0.0196078 0.00204513
0.921569 0.0392157 0.00300405
0.921569 0.0588235 0.00392065
0.921569 0.0784314 0.00479499
0.921569 0.0980392 0.00562717
0.921569 0.117647 0.00641726
0.921569 0.137255 0.00716533
0.921569 0.156863 0.00787144
0.921569 0.176471 0.00853567
0.921569 0.196078 0.00915807
0.921569 0.215686 0.0097387
0.921569 0.235294 0.0102776
0.921569 0.254902 0.0107749
0.921569 0.27451 0.0112305
0.921569 0.294118 0.0116446
0.921569 0.313725 0.0120172
0.921569 0.333333 0.0123483
0.921569 0.352941 0.0126379
0.921569 0.372549 0.0128861
0.921569 0.392157 0.0130929
0.921569 0.411765 0.0132583
0.921569 0.431373 0.0133823
0.921569 0.45098 0.013465
0.921569 0.470588 0.0135063
0.921569 0.490196 0.0135063
0.921569 0.509804 0.013465
0.921569 0.529412 0.0133823
0.921569 0.54902 0.0132583
0.921569 0.568627 0.0130929
0.921569 0.588235 0.0128861
0.921569 0.607843 0.0126379
0.921569 0.627451 0.0123483
0.921569 0.647059 0.0120172
0.921569 0.666667 0.0116446
0.921569 0.686275 0.0112305
0.921569 0.705882 0.0107749
0.921569 0.72549 0.0102776
0.921569 0.745098 0.0097387
0.921569 0.764706 0.00915807
0.921569 0.784314 0.00853567
0.921569 0.803922 0.00787144
0.921569 0.823529 0.00716533
0.921569 0.843137 0.00641726
0.921569 0.862745 0.00562717
0.921569 0.882353 0.00479499
0.921569 0.901961 0.00392065
0.921569 0.921569 0.00300405
0.921569 0.941176 0.00204513
0.921569 0.960784 0.00104381
0.941176 0 0.000710702
0.941176 0.0196078 0.00139249
0.941176 0.0392157 0.00204541
0.941176 0.0588235 0.00266952
0.941176 0.0784314 0.00326488
0.941176 0.0980392 0.00383153
0.941176 0.117647 0.00436953
0.941176 0.137255 0.00487892
0.941176 0.156863 0.00535975
0.941176 0.176471 0.00581206
0.941176 0.196078 0.0062359
0.941176 0.215686 0.0066313
0.941176 0.235294 0.0069983
0.941176 0.254902 0.00733693
0.941176 0.27451 0.00764723
0.941176 0.294118 0.00792922
0.941176 0.313725 0.00818294
0.941176 0.333333 0.0084084
0.941176 0.352941 0.00860563
0.941176 0.372549 0.00877465
0.941176 0.392157 0.00891548
0.941176 0.411765 0.00902812
0.941176 0.431373 0.0091126
0.941176 0.45098 0.00916891
0.941176 0.470588 0.00919706
0.941176 0.490196 0.00919706
0.941176 0.509804 0.00916891
0.941176 0.529412 0.0091126
0.941176 0.54902 0.00902812
0.941176 0.568627 0.00891548
0.941176 0.588235 0.00877465
0.941176 0.607843 0.00860563
0.941176 0.627451 0.0084084
0.941176 0.647059 0.00818294
0.941176 0.666667 0.00792922
0.941176 0.686275 0.00764723
0.941176 0.705882 0.00733693
0.941176 0.72549 0.0069983
0.941176 0.745098 0.0066313
0.941176 0.764706 0.0062359
0.941176 0.784314 0.00581206
0.941176 0.803922 0.00535975
0.941176 0.823529 0.00487892
0.941176 0.843137 0.00436953
0.941176 0.862745 0.00383153
0.941176 0.882353 0.00326488
0.941176 0.901961 0.00266952
0.941176 0.921569 0.00204541
0.941176 0.941176 0.00139249
0.941176 0.960784 0.000710702
0.960784 0 0.000362755
0.960784 0.0196078 0.000710756
0.960784 0.0392157 0.00104403
0.960784 0.0588235 0.0013626
0.960784 0.0784314 0.0016665
0.960784 0.0980392 0.00195576
0.960784 0.117647 0.00223038
0.960784 0.137255 0.00249041
0.960784 0.156863 0.00273586
0.960784 0.176471 0.00296676
0.960784 0.196078 0.00318312
0.960784 0.215686 0.00338497
0.960784 0.235294 0.00357232
0.960784 0.254902 0.00374519
0.960784 0.27451 0.0039036
0.960784 0.294118 0.00404756
0.960784 0.313725 0.00417708
0.960784 0.333333 0.00429219
0.960784 0.352941 0.00439288
0.960784 0.372549 0.00447917
0.960784 0.392157 0.00455106
0.960784 0.411765 0.00460857
0.960784 0.431373 0.00465169
0.960784 0.45098 0.00468044
0.960784 0.470588 0.00469481
0.960784 0.490196 0.00469481
0.960784 0.509804 0.00468044
0.960784 0.529412 0.00465169
0.960784 0.54902 0.00460857
0.960784 0.568627 0.00455106
0.960784 0.588235 0.00447917
0.960784 0.607843 0.00439288
0.960784 0.627451 0.00429219
0.960784 0.647059 0.00417708
0.960784 0.666667 0.00404756
0.960784 0.686275 0.0039036
0.960784 0.705882 0.00374519
0.960784 0.72549 0.00357232
0.960784 0.745098 0.00338497
0.960784 0.764706 0.00318312
0.960784 0.784314 0.00296676
0.960784 0.803922 0.00273586
0.960784 0.823529 0.00249041
0.960784 0.843137 0.00223038
0.960784 0.862745 0.00195576
0.960784 0.882353 0.0016665
0.960784 0.901961 0.0013626
0.960784 0.921569 0.00104403
0.960784 0.941176 0.000710756
0.960784 0.960784 0.000362755
