0.215686 0 0.00322347
0.215686 0.0196078 0.00631044
0.215686 0.0392157 0.00926224
0.215686 0.0588235 0.01208
0.215686 0.0784314 0.0147646
0.215686 0.0980392 0.017317
0.215686 0.117647 0.019738
0.215686 0.137255 0.0220281
0.215686 0.156863 0.024188
0.215686 0.176471 0.0262184
0.215686 0.196078 0.0281197
0.215686 0.215686 0.0298923
0.215686 0.235294 0.0315367
0.215686 0.254902 0.0330533
0.215686 0.27451 0.0344424
0.215686 0.294118 0.0357043
0.215686 0.313725 0.0368393
0.215686 0.333333 0.0378475
0.215686 0.352941 0.0387293
0.215686 0.372549 0.0394849
0.215686 0.392157 0.0401142
0.215686 0.411765 0.0406176
0.215686 0.431373 0.040995
0.215686 0.45098 0.0412465
0.215686 0.470588 0.0413723
0.215686 0.490196 0.0413723
0.215686 0.509804 0.0412465
0.215686 0.529412 0.040995
0.215686 0.54902 0.0406176
0.215686 0.568627 0.0401142
0.215686 0.588235 0.0394849
0.215686 0.607843 0.0387293
0.215686 0.627451 0.0378475
0.215686 0.647059 0.0368393
0.215686 0.666667 0.0357043
0.215686 0.686275 0.0344424
0.215686 0.705882 0.0330533
0.215686 0.72549 0.0315367
0.215686 0.745098 0.0298923
0.215686 0.764706 0.0281197
0.215686 0.784314 0.0262184
0.215686 0.803922 0.024188
0.215686 0.823529 0.0220281
0.215686 0.843137 0.019738
0.215686 0.862745 0.017317
0.215686 0.882353 0.0147646
0.215686 0.901961 0.01208
0.215686 0.921569 0.00926224
0.215686 0.941176 0.00631044
0.215686 0.960784 0.00322347
0.235294 0 0.003422
0.235294 0.0196078 0.00669942
0.235294 0.0392157 0.00983352
0.235294 0.0588235 0.0128254
0.235294 0.0784314 0.0156761
0.235294 0.0980392 0.0183864
0.235294 0.117647 0.0209571
0.235294 0.137255 0.023389
0.235294 0.156863 0.0256826
0.235294 0.176471 0.0278387
0.235294 0.196078 0.0298577
0.235294 0.215686 0.0317401
0.235294 0.235294 0.0334863
0.235294 0.254902 0.0350968
0.235294 0.27451 0.0365719
0.235294 0.294118 0.0379119
0.235294 0.313725 0.0391171
0.235294 0.333333 0.0401878
0.235294 0.352941 0.0411242
0.235294 0.372549 0.0419265
0.235294 0.392157 0.0425948
0.235294 0.411765 0.0431293
0.235294 0.431373 0.0435301
0.235294 0.45098 0.0437973
0.235294 0.470588 0.0439308
0.235294 0.490196 0.0439308
0.235294 0.509804 0.0437973
0.235294 0.529412 0.0435301
0.235294 0.54902 0.0431293
0.235294 0.568627 0.0425948
0.235294 0.588235 0.0419265
0.235294 0.607843 0.0411242
0.235294 0.627451 0.0401878
0.235294 0.647059 0.0391171
0.235294 0.666667 0.0379119
0.235294 0.686275 0.0365719
0.235294 0.705882 0.0350968
0.235294 0.72549 0.0334863
0.235294 0.745098 0.0317401
0.235294 0.764706 0.0298577
0.235294 0.784314 0.0278387
0.235294 0.803922 0.0256826
0.235294 0.823529 0.023389
0.235294 0.843137 0.0209571
0.235294 0.862745 0.0183864
0.235294 0.882353 0.0156761
0.235294 0.901961 0.0128254
0.235294 0.921569 0.00983352
0.235294 0.941176 0.00669942
0.235294 0.960784 0.003422
0.254902 0 0.00360429
0.254902 0.0196078 0.00705671
0.254902 0.0392157 0.0103584
0.254902 0.0588235 0.0135105
0.254902 0.0784314 0.0165138
0.254902 0.0980392 0.0193694
0.254902 0.117647 0.022078
0.254902 0.137255 0.0246403
0.254902 0.156863 0.0270571
0.254902 0.176471 0.0293288
0.254902 0.196078 0.0314562
0.254902 0.215686 0.0334396
0.254902 0.235294 0.0352796
0.254902 0.254902 0.0369765
0.254902 0.27451 0.0385308
0.254902 0.294118 0.0399427
0.254902 0.313725 0.0412126
0.254902 0.333333 0.0423408
0.254902 0.352941 0.0433275
0.254902 0.372549 0.0441728
0.254902 0.392157 0.044877
0.254902 0.411765 0.0454402
0.254902 0.431373 0.0458625
0.254902 0.45098 0.0461439
0.254902 0.470588 0.0462847
0.254902 0.490196 0.0462847
0.254902 0.509804 0.0461439
0.254902 0.529412 0.0458625
0.254902 0.54902 0.0454402
0.254902 0.568627 0.044877
0.254902 0.588235 0.0441728
0.254902 0.607843 0.0433275
0.254902 0.627451 0.0423408
0.254902 0.647059 0.0412126
0.254902 0.666667 0.0399427
0.254902 0.686275 0.0385308
0.254902 0.705882 0.0369765
0.254902 0.72549 0.0352796
0.254902 0.745098 0.0334396
0.254902 0.764706 0.0314562
0.254902 0.784314 0.0293288
0.254902 0.803922 0.0270571
0.254902 0.823529 0.0246403
0.254902 0.843137 0.022078
0.254902 0.862745 0.0193694
0.254902 0.882353 0.0165138
0.254902 0.901961 0.0135105
0.254902 0.921569 0.0103584
0.254902 0.941176 0.00705671
0.254902 0.960784 0.00360429
0.27451 0 0.00377055
0.27451 0.0196078 0.0073826
0.27451 0.0392157 0.0108372
0.27451 0.0588235 0.0141355
0.27451 0.0784314 0.0172783
0.27451 0.0980392 0.0202665
0.27451 0.117647 0.023101
0.27451 0.137255 0.0257825
0.27451 0.156863 0.0283116
0.27451 0.176471 0.030689
0.27451 0.196078 0.0329154
0.27451 0.215686 0.0349911
0.27451 0.235294 0.0369167
0.27451 0.254902 0.0386926
0.27451 0.27451 0.0403192
0.27451 0.294118 0.0417968
0.27451 0.313725 0.0431259
0.27451 0.333333 0.0443066
0.27451 0.352941 0.0453391
0.27451 0.372549 0.0462238
0.27451 0.392157 0.0469608
0.27451 0.411765 0.0475502
0.27451 0.431373 0.0479921
0.27451 0.45098 0.0482867
0.27451 0.470588 0.048434
0.27451 0.490196 0.048434
0.27451 0.509804 0.0482867
0.27451 0.529412 0.0479921
0.27451 0.54902 0.0475502
0.27451 0.568627 0.0469608
0.27451 0.588235 0.0462238
0.27451 0.607843 0.0453391
0.27451 0.627451 0.0443066
0.27451 0.647059 0.0431259
0.27451 0.666667 0.0417968
0.27451 0.686275 0.0403192
0.27451 0.705882 0.0386926
0.27451 0.72549 0.0369167
0.27451 0.745098 0.0349911
0.27451 0.764706 0.0329154
0.27451 0.784314 0.030689
0.27451 0.803922 0.0283116
0.27451 0.823529 0.0257825
0.27451 0.843137 0.023101
0.27451 0.862745 0.0202665
0.27451 0.882353 0.0172783
0.27451 0.901961 0.0141355
0.27451 0.921569 0.0108372
0.27451 0.941176 0.0073826
0.27451 0.960784 0.00377055
0.294118 0 0.00392089
0.294118 0.0196078 0.00767729
0.294118 0.0392157 0.0112702
0.294118 0.0588235 0.0147007
0.294118 0.0784314 0.0179696
0.294118 0.0980392 0.0210779
0.294118 0.117647 0.0240263
0.294118 0.137255 0.0268156
0.294118 0.156863 0.0294464
0.294118 0.176471 0.0319195
0.294118 0.196078 0.0342354
0.294118 0.215686 0.0363947
0.294118 0.235294 0.0383978
0.294118 0.254902 0.0402452
0.294118 0.27451 0.0419373
0.294118 0.294118 0.0434744
0.294118 0.313725 0.044857
0.294118 0.333333 0.0460852
0.294118 0.352941 0.0471593
0.294118 0.372549 0.0480796
0.294118 0.392157 0.0488462
0.294118 0.411765 0.0494593
0.294118 0.431373 0.0499191
0.294118 0.45098 0.0502255
0.294118 0.470588 0.0503787
0.294118 0.490196 0.0503787
0.294118 0.509804 0.0502255
0.294118 0.529412 0.0499191
0.294118 0.54902 0.0494593
0.294118 0.568627 0.0488462
0.294118 0.588235 0.0480796
0.294118 0.607843 0.0471593
0.294118 0.627451 0.0460852
0.294118 0.647059 0.044857
0.294118 0.666667 0.0434744
0.294118 0.686275 0.0419373
0.294118 0.705882 0.0402452
0.294118 0.72549 0.0383978
0.294118 0.745098 0.0363947
0.294118 0.764706 0.0342354
0.294118 0.784314 0.0319195
0.294118 0.803922 0.0294464
0.294118 0.823529 0.0268156
0.294118 0.843137 0.0240263
0.294118 0.862745 0.0210779
0.294118 0.882353 0.0179696
0.294118 0.901961 0.0147007
0.294118 0.921569 0.0112702
0.294118 0.941176 0.00767729
0.294118 0.960784 0.00392089
0.313725 0 0.00405539
0.313725 0.0196078 0.00794091
0.313725 0.0392157 0.0116576
0.313725 0.0588235 0.0152063
0.313725 0.0784314 0.0185881
0.313725 0.0980392 0.0218037
0.313725 0.117647 0.0248541
0.313725 0.137255 0.0277398
0.313725 0.156863 0.0304618
0.313725 0.176471 0.0330205
0.313725 0.196078 0.0354165
0.313725 0.215686 0.0376506
0.313725 0.235294 0.039723
0.313725 0.254902 0.0416344
0.313725 0.27451 0.0433851
0.313725 0.294118 0.0449755
0.313725 0.313725 0.0464059
0.313725 0.333333 0.0476767
0.313725 0.352941 0.048788
0.313725 0.372549 0.0497402
0.313725 0.392157 0.0505334
0.313725 0.411765 0.0511678
0.313725 0.431373 0.0516434
0.313725 0.45098 0.0519605
0.313725 0.470588 0.052119
0.313725 0.490196 0.052119
0.313725 0.509804 0.0519605
0.313725 0.529412 0.0516434
0.313725 0.54902 0.0511678
0.313725 0.568627 0.0505334
0.313725 0.588235 0.0497402
0.313725 0.607843 0.048788
0.313725 0.627451 0.0476767
0.313725 0.647059 0.0464059
0.313725 0.666667 0.0449755
0.313725 0.686275 0.0433851
0.313725 0.705882 0.0416344
0.313725 0.72549 0.039723
0.313725 0.745098 0.0376506
0.313725 0.764706 0.0354165
0.313725 0.784314 0.0330205
0.313725 0.803922 0.0304618
0.313725 0.823529 0.0277398
0.313725 0.843137 0.0248541
0.313725 0.862745 0.0218037
0.313725 0.882353 0.0185881
0.313725 0.901961 0.0152063
0.313725 0.921569 0.0116576
0.313725 0.941176 0.00794091
0.313725 0.960784 0.00405539
0.333333 0 0.00417409
0.333333 0.0196078 0.00817356
0.333333 0.0392157 0.0119994
0.333333 0.0588235 0.0156525
0.333333 0.0784314 0.0191338
0.333333 0.0980392 0.0224442
0.333333 0.117647 0.0255845
0.333333 0.137255 0.0285554
0.333333 0.156863 0.0313577
0.333333 0.176471 0.0339919
0.333333 0.196078 0.0364587
0.333333 0.215686 0.0387588
0.333333 0.235294 0.0408925
0.333333 0.254902 0.0428603
0.333333 0.27451 0.0446627
0.333333 0.294118 0.0463001
0.333333 0.313725 0.0477728
0.333333 0.333333 0.0490811
0.333333 0.352941 0.0502253
0.333333 0.372549 0.0512056
0.333333 0.392157 0.0520223
0.333333 0.411765 0.0526754
0.333333 0.431373 0.0531651
0.333333 0.45098 0.0534915
0.333333 0.470588 0.0536547
0.333333 0.490196 0.0536547
0.333333 0.509804 0.0534915
0.333333 0.529412 0.0531651
0.333333 0.54902 0.0526754
0.333333 0.568627 0.0520223
0.333333 0.588235 0.0512056
0.333333 0.607843 0.0502253
0.333333 0.627451 0.0490811
0.333333 0.647059 0.0477728
0.333333 0.666667 0.0463001
0.333333 0.686275 0.0446627
0.333333 0.705882 0.0428603
0.333333 0.72549 0.0408925
0.333333 0.745098 0.0387588
0.333333 0.764706 0.0364587
0.333333 0.784314 0.0339919
0.333333 0.803922 0.0313577
0.333333 0.823529 0.0285554
0.333333 0.843137 0.0255845
0.333333 0.862745 0.0224442
0.333333 0.882353 0.0191338
0.333333 0.901961 0.0156525
0.333333 0.921569 0.0119994
0.333333 0.941176 0.00817356
0.333333 0.960784 0.00417409
0.352941 0 0.00427702
0.352941 0.0196078 0.00837526
0.352941 0.0392157 0.0122957
0.352941 0.0588235 0.0160393
0.352941 0.0784314 0.0196069
0.352941 0.0980392 0.0229994
0.352941 0.117647 0.0262176
0.352941 0.137255 0.0292623
0.352941 0.156863 0.0321342
0.352941 0.176471 0.0348339
0.352941 0.196078 0.0373621
0.352941 0.215686 0.0397193
0.352941 0.235294 0.0419061
0.352941 0.254902 0.0439229
0.352941 0.27451 0.0457702
0.352941 0.294118 0.0474483
0.352941 0.313725 0.0489576
0.352941 0.333333 0.0502985
0.352941 0.352941 0.0514711
0.352941 0.372549 0.0524759
0.352941 0.392157 0.0533128
0.352941 0.411765 0.0539822
0.352941 0.431373 0.0544841
0.352941 0.45098 0.0548186
0.352941 0.470588 0.0549859
0.352941 0.490196 0.0549859
0.352941 0.509804 0.0548186
0.352941 0.529412 0.0544841
0.352941 0.54902 0.0539822
0.352941 0.568627 0.0533128
0.352941 0.588235 0.0524759
0.352941 0.607843 0.0514711
0.352941 0.627451 0.0502985
0.352941 0.647059 0.0489576
0.352941 0.666667 0.0474483
0.352941 0.686275 0.0457702
0.352941 0.705882 0.0439229
0.352941 0.72549 0.0419061
0.352941 0.745098 0.0397193
0.352941 0.764706 0.0373621
0.352941 0.784314 0.0348339
0.352941 0.803922 0.0321342
0.352941 0.823529 0.0292623
0.352941 0.843137 0.0262176
0.352941 0.862745 0.0229994
0.352941 0.882353 0.0196069
0.352941 0.901961 0.0160393
0.352941 0.921569 0.0122957
0.352941 0.941176 0.00837526
0.352941 0.960784 0.00427702
0.372549 0 0.00436419
0.372549 0.0196078 0.00854606
0.372549 0.0392157 0.0125466
0.372549 0.0588235 0.0163667
0.372549 0.0784314 0.0200073
0.372549 0.0980392 0.0234693
0.372549 0.117647 0.0267535
0.372549 0.137255 0.0298606
0.372549 0.156863 0.0327914
0.372549 0.176471 0.0355465
0.372549 0.196078 0.0381266
0.372549 0.215686 0.0405322
0.372549 0.235294 0.0427639
0.372549 0.254902 0.0448221
0.372549 0.27451 0.0467073
0.372549 0.294118 0.0484199
0.372549 0.313725 0.0499603
0.372549 0.333333 0.0513287
0.372549 0.352941 0.0525254
0.372549 0.372549 0.0535508
0.372549 0.392157 0.0544049
0.372549 0.411765 0.0550881
0.372549 0.431373 0.0556003
0.372549 0.45098 0.0559417
0.372549 0.470588 0.0561124
0.372549 0.490196 0.0561124
0.372549 0.509804 0.0559417
0.372549 0.529412 0.0556003
0.372549 0.54902 0.0550881
0.372549 0.568627 0.0544049
0.372549 0.588235 0.0535508
0.372549 0.607843 0.0525254
0.372549 0.627451 0.0513287
0.372549 0.647059 0.0499603
0.372549 0.666667 0.0484199
0.372549 0.686275 0.0467073
0.372549 0.705882 0.0448221
0.372549 0.72549 0.0427639
0.372549 0.745098 0.0405322
0.372549 0.764706 0.0381266
0.372549 0.784314 0.0355465
0.372549 0.803922 0.0327914
0.372549 0.823529 0.0298606
0.372549 0.843137 0.0267535
0.372549 0.862745 0.0234693
0.372549 0.882353 0.0200073
0.372549 0.901961 0.0163667
0.372549 0.921569 0.0125466
0.372549 0.941176 0.00854606
0.372549 0.960784 0.00436419
0.392157 0 0.0044356
0.392157 0.0196078 0.00868594
0.392157 0.0392157 0.012752
0.392157 0.0588235 0.0166348
0.392157 0.0784314 0.0203351
0.392157 0.0980392 0.023854
0.392157 0.117647 0.0271921
0.392157 0.137255 0.0303503
0.392157 0.156863 0.0333292
0.392157 0.176471 0.0361297
0.392157 0.196078 0.0387522
0.392157 0.215686 0.0411974
0.392157 0.235294 0.0434658
0.392157 0.254902 0.0455579
0.392157 0.27451 0.0474742
0.392157 0.294118 0.049215
0.392157 0.313725 0.0507807
0.392157 0.333333 0.0521716
0.392157 0.352941 0.0533881
0.392157 0.372549 0.0544304
0.392157 0.392157 0.0552986
0.392157 0.411765 0.0559929
0.392157 0.431373 0.0565136
0.392157 0.45098 0.0568606
0.392157 0.470588 0.0570341
0.392157 0.490196 0.0570341
0.392157 0.509804 0.0568606
0.392157 0.529412 0.0565136
0.392157 0.54902 0.0559929
0.392157 0.568627 0.0552986
0.392157 0.588235 0.0544304
0.392157 0.607843 0.0533881
0.392157 0.627451 0.0521716
0.392157 0.647059 0.0507807
0.392157 0.666667 0.049215
0.392157 0.686275 0.0474742
0.392157 0.705882 0.0455579
0.392157 0.72549 0.0434658
0.392157 0.745098 0.0411974
0.392157 0.764706 0.0387522
0.392157 0.784314 0.0361297
0.392157 0.803922 0.0333292
0.392157 0.823529 0.0303503
0.392157 0.843137 0.0271921
0.392157 0.862745 0.023854
0.392157 0.882353 0.0203351
0.392157 0.901961 0.0166348
0.392157 0.921569 0.012752
0.392157 0.941176 0.00868594
0.392157 0.960784 0.0044356
0.411765 0 0.00449123
0.411765 0.0196078 0.00879487
0.411765 0.0392157 0.0129119
0.411765 0.0588235 0.0168434
0.411765 0.0784314 0.0205902
0.411765 0.0980392 0.0241532
0.411765 0.117647 0.0275333
0.411765 0.137255 0.0307312
0.411765 0.156863 0.0337476
0.411765 0.176471 0.0365833
0.411765 0.196078 0.0392388
0.411765 0.215686 0.0417148
0.411765 0.235294 0.0440118
0.411765 0.254902 0.0461302
0.411765 0.27451 0.0480706
0.411765 0.294118 0.0498333
0.411765 0.313725 0.0514188
0.411765 0.333333 0.0528272
0.411765 0.352941 0.054059
0.411765 0.372549 0.0551144
0.411765 0.392157 0.0559936
0.411765 0.411765 0.0566967
0.411765 0.431373 0.0572239
0.411765 0.45098 0.0575753
0.411765 0.470588 0.057751
0.411765 0.490196 0.057751
0.411765 0.509804 0.0575753
0.411765 0.529412 0.0572239
0.411765 0.54902 0.0566967
0.411765 0.568627 0.0559936
0.411765 0.588235 0.0551144
0.411765 0.607843 0.054059
0.411765 0.627451 0.0528272
0.411765 0.647059 0.0514188
0.411765 0.666667 0.0498333
0.411765 0.686275 0.0480706
0.411765 0.705882 0.0461302
0.411765 0.72549 0.0440118
0.411765 0.745098 0.0417148
0.411765 0.764706 0.0392388
0.411765 0.784314 0.0365833
0.411765 0.803922 0.0337476
0.411765 0.823529 0.0307312
0.411765 0.843137 0.0275333
0.411765 0.862745 0.0241532
0.411765 0.882353 0.0205902
0.411765 0.901961 0.0168434
0.411765 0.921569 0.0129119
0.411765 0.941176 0.00879487
0.411765 0.960784 0.00449123
0.431373 0 0.00453104
0.431373 0.0196078 0.00887279
0.431373 0.0392157 0.0130263
0.431373 0.0588235 0.0169925
0.431373 0.0784314 0.0207725
0.431373 0.0980392 0.024367
0.431373 0.117647 0.027777
0.431373 0.137255 0.0310032
0.431373 0.156863 0.0340464
0.431373 0.176471 0.0369072
0.431373 0.196078 0.0395863
0.431373 0.215686 0.0420842
0.431373 0.235294 0.0444016
0.431373 0.254902 0.0465388
0.431373 0.27451 0.0484964
0.431373 0.294118 0.0502748
0.431373 0.313725 0.0518743
0.431373 0.333333 0.0532953
0.431373 0.352941 0.054538
0.431373 0.372549 0.0556028
0.431373 0.392157 0.0564897
0.431373 0.411765 0.0571991
0.431373 0.431373 0.057731
0.431373 0.45098 0.0580855
0.431373 0.470588 0.0582628
0.431373 0.490196 0.0582628
0.431373 0.509804 0.0580855
0.431373 0.529412 0.057731
0.431373 0.54902 0.0571991
0.431373 0.568627 0.0564897
0.431373 0.588235 0.0556028
0.431373 0.607843 0.054538
0.431373 0.627451 0.0532953
0.431373 0.647059 0.0518743
0.431373 0.666667 0.0502748
0.431373 0.686275 0.0484964
0.431373 0.705882 0.0465388
0.431373 0.72549 0.0444016
0.431373 0.745098 0.0420842
0.431373 0.764706 0.0395863
0.431373 0.784314 0.0369072
0.431373 0.803922 0.0340464
0.431373 0.823529 0.0310032
0.431373 0.843137 0.027777
0.431373 0.862745 0.024367
0.431373 0.882353 0.0207725
0.431373 0.901961 0.0169925
0.431373 0.921569 0.0130263
0.431373 0.941176 0.00887279
0.431373 0.960784 0.00453104
0.45098 0 0.00455499
0.45098 0.0196078 0.00891959
0.45098 0.0392157 0.0130949
0.45098 0.0588235 0.017082
0.45098 0.0784314 0.0208818
0.45098 0.0980392 0.0244952
0.45098 0.117647 0.0279231
0.45098 0.137255 0.0311662
0.45098 0.156863 0.0342254
0.45098 0.176471 0.0371012
0.45098 0.196078 0.0397944
0.45098 0.215686 0.0423055
0.45098 0.235294 0.044635
0.45098 0.254902 0.0467835
0.45098 0.27451 0.0487514
0.45098 0.294118 0.0505392
0.45098 0.313725 0.0521471
0.45098 0.333333 0.0535756
0.45098 0.352941 0.0548249
0.45098 0.372549 0.0558952
0.45098 0.392157 0.0567869
0.45098 0.411765 0.0575
0.45098 0.431373 0.0580347
0.45098 0.45098 0.0583911
0.45098 0.470588 0.0585693
0.45098 0.490196 0.0585693
0.45098 0.509804 0.0583911
0.45098 0.529412 0.0580347
0.45098 0.54902 0.0575
0.45098 0.568627 0.0567869
0.45098 0.588235 0.0558952
0.45098 0.607843 0.0548249
0.45098 0.627451 0.0535756
0.45098 0.647059 0.0521471
0.45098 0.666667 0.0505392
0.45098 0.686275 0.0487514
0.45098 0.705882 0.0467835
0.45098 0.72549 0.044635
0.45098 0.745098 0.0423055
0.45098 0.764706 0.0397944
0.45098 0.784314 0.0371012
0.45098 0.803922 0.0342254
0.45098 0.823529 0.0311662
0.45098 0.843137 0.0279231
0.45098 0.862745 0.0244952
0.45098 0.882353 0.0208818
0.45098 0.901961 0.017082
0.45098 0.921569 0.0130949
0.45098 0.941176 0.00891959
0.45098 0.960784 0.00455499
0.470588 0 0.00456299
0.470588 0.0196078 0.00893514
0.470588 0.0392157 0.0131176
0.470588 0.0588235 0.0171116
0.470588 0.0784314 0.0209179
0.470588 0.0980392 0.0245375
0.470588 0.117647 0.0279712
0.470588 0.137255 0.03122
0.470588 0.156863 0.0342844
0.470588 0.176471 0.0371652
0.470588 0.196078 0.039863
0.470588 0.215686 0.0423784
0.470588 0.235294 0.0447119
0.470588 0.254902 0.0468641
0.470588 0.27451 0.0488354
0.470588 0.294118 0.0506263
0.470588 0.313725 0.052237
0.470588 0.333333 0.0536679
0.470588 0.352941 0.0549194
0.470588 0.372549 0.0559916
0.470588 0.392157 0.0568847
0.470588 0.411765 0.0575991
0.470588 0.431373 0.0581347
0.470588 0.45098 0.0584917
0.470588 0.470588 0.0586702
0.470588 0.490196 0.0586702
0.470588 0.509804 0.0584917
0.470588 0.529412 0.0581347
0.470588 0.54902 0.0575991
0.470588 0.568627 0.0568847
0.470588 0.588235 0.0559916
0.470588 0.607843 0.0549194
0.470588 0.627451 0.0536679
0.470588 0.647059 0.052237
0.470588 0.666667 0.0506263
0.470588 0.686275 0.0488354
0.470588 0.705882 0.0468641
0.470588 0.72549 0.0447119
0.470588 0.745098 0.0423784
0.470588 0.764706 0.039863
0.470588 0.784314 0.0371652
0.470588 0.803922 0.0342844
0.470588 0.823529 0.03122
0.470588 0.843137 0.0279712
0.470588 0.862745 0.0245375
0.470588 0.882353 0.0209179
0.470588 0.901961 0.0171116
0.470588 0.921569 0.0131176
0.470588 0.941176 0.00893514
0.470588 0.960784 0.00456299
0.490196 0 0.00455488
0.490196 0.0196078 0.00891921
0.490196 0.0392157 0.0130942
0.490196 0.0588235 0.017081
0.490196 0.0784314 0.0208805
0.490196 0.0980392 0.0244936
0.490196 0.117647 0.0279213
0.490196 0.137255 0.0311642
0.490196 0.156863 0.0342231
0.490196 0.176471 0.0370987
0.490196 0.196078 0.0397917
0.490196 0.215686 0.0423026
0.490196 0.235294 0.044632
0.490196 0.254902 0.0467803
0.490196 0.27451 0.0487481
0.490196 0.294118 0.0505357
0.490196 0.313725 0.0521436
0.490196 0.333333 0.053572
0.490196 0.352941 0.0548212
0.490196 0.372549 0.0558914
0.490196 0.392157 0.056783
0.490196 0.411765 0.0574961
0.490196 0.431373 0.0580308
0.490196 0.45098 0.0583871
0.490196 0.470588 0.0585653
0.490196 0.490196 0.0585653
0.490196 0.509804 0.0583871
0.490196 0.529412 0.0580308
0.490196 0.54902 0.0574961
0.490196 0.568627 0.056783
0.490196 0.588235 0.0558914
0.490196 0.607843 0.0548212
0.490196 0.627451 0.053572
0.490196 0.647059 0.0521436
0.490196 0.666667 0.0505357
0.490196 0.686275 0.0487481
0.490196 0.705882 0.0467803
0.490196 0.72549 0.044632
0.490196 0.745098 0.0423026
0.490196 0.764706 0.0397917
0.490196 0.784314 0.0370987
0.490196 0.803922 0.0342231
0.490196 0.823529 0.0311642
0.490196 0.843137 0.0279213
0.490196 0.862745 0.0244936
0.490196 0.882353 0.0208805
0.490196 0.901961 0.017081
0.490196 0.921569 0.0130942
0.490196 0.941176 0.00891921
0.490196 0.960784 0.00455488
